2	Si_Pv	Si_PPv_Sakai
4	0	 1	 2	 3	5	 100.39	11	1.114
2	25.206	230.05	4.142	111.00930477609081	4	24.73	200.0147129509652	5.228763954754957
2	25.206	230.05	4.142	119.71125115049283	4	24.73	202.91957959755942	5.465367086454016
2	25.206	230.05	4.142	119.56400612256508	4	24.73	198.95999333826433	5.408178854774606
2	25.206	230.05	4.142	96.64532401390896	4	24.73	203.21534052377928	5.202476809975437
2	25.206	230.05	4.142	104.25317343985441	4	24.73	201.63480530127782	5.468719271326406
2	25.206	230.05	4.142	113.8394305598419	4	24.73	201.94746037733842	5.486173009620282
2	25.206	230.05	4.142	118.69415895367429	4	24.73	205.80840845347424	5.477691931593575
2	25.206	230.05	4.142	110.13807902019258	4	24.73	202.00049815926107	5.3736997574897964
2	25.206	230.05	4.142	111.01883558591223	4	24.73	203.8456917581863	5.2753813548390545
2	25.206	230.05	4.142	118.2666032636515	4	24.73	198.64075279699532	5.506451963694898
2	25.206	230.05	4.142	106.98141038236449	4	24.73	201.8415207622078	5.255683689682665
2	25.206	230.05	4.142	98.08134673262201	4	24.73	204.38524902180808	5.285238890051328
2	25.206	230.05	4.142	104.08973636702669	4	24.73	205.677777770454	5.305737527327326
2	25.206	230.05	4.142	119.98592762970621	4	24.73	202.03282992457284	5.232841649171377
2	25.206	230.05	4.142	121.07416102227815	4	24.73	200.8483683320145	5.313009147947115
2	25.206	230.05	4.142	106.82277164532488	4	24.73	202.22656623127364	5.198319359655098
2	25.206	230.05	4.142	113.93025237011895	4	24.73	205.2713233194755	5.369680868843513
2	25.206	230.05	4.142	114.05083869661048	4	24.73	200.4023338488175	5.47883025317656
2	25.206	230.05	4.142	117.74668008749283	4	24.73	205.76298053917927	5.25941795943603
2	25.206	230.05	4.142	109.27524173123044	4	24.73	200.99420155684356	5.383859052997482
2	25.206	230.05	4.142	102.83677352214501	4	24.73	198.1579523314666	5.30605658787107
2	25.206	230.05	4.142	95.478445872062	4	24.73	201.05448208305793	5.432536007068072
2	25.206	230.05	4.142	123.79002342024947	4	24.73	201.16907458533947	5.334905875363699
2	25.206	230.05	4.142	128.12423425853666	4	24.73	201.9685784449442	5.18394786324556
2	25.206	230.05	4.142	105.28627815314594	4	24.73	202.28630035719576	5.327047327725169
2	25.206	230.05	4.142	122.06366829022836	4	24.73	205.56562909335807	5.386259812144092
2	25.206	230.05	4.142	107.3437865058966	4	24.73	204.69485915043907	5.427659604614006
2	25.206	230.05	4.142	104.08550449659523	4	24.73	203.04603463455396	5.239174777223702
2	25.206	230.05	4.142	108.5647212103969	4	24.73	206.64063115894416	5.29291175431468
2	25.206	230.05	4.142	106.17081162664167	4	24.73	201.71507915997236	5.409563302102717
2	25.206	230.05	4.142	117.20285491807873	4	24.73	204.60407934830474	5.288386977682759
2	25.206	230.05	4.142	123.22535140769321	4	24.73	200.30430523885792	5.371998681263309
2	25.206	230.05	4.142	122.02590912536319	4	24.73	203.2680338290433	5.440622497716855
2	25.206	230.05	4.142	117.54312784255957	4	24.73	204.91239525878203	5.248927791645165
2	25.206	230.05	4.142	111.34422096856531	4	24.73	203.47331920027324	5.310580229251307
2	25.206	230.05	4.142	118.07171066379203	4	24.73	204.66052091110782	5.46201079800326
2	25.206	230.05	4.142	117.35745820868742	4	24.73	200.46673190493902	5.3719728938434805
2	25.206	230.05	4.142	123.54960754282693	4	24.73	204.96274642060123	5.2077953090723845
2	25.206	230.05	4.142	112.30471618740766	4	24.73	204.1236252611152	5.266420819754608
2	25.206	230.05	4.142	123.83987029381076	4	24.73	202.33059916439112	5.188383102895991
2	25.206	230.05	4.142	123.22691224296291	4	24.73	203.8705739756091	5.331755250063617
2	25.206	230.05	4.142	111.04273995907637	4	24.73	200.60584969758833	5.430329437264714
2	25.206	230.05	4.142	112.75608644181513	4	24.73	205.14567877743318	5.287610079583667
2	25.206	230.05	4.142	109.8709138778076	4	24.73	201.69868046531093	5.404174621345029
2	25.206	230.05	4.142	111.75826496602778	4	24.73	203.17390242027918	5.308580741584297
2	25.206	230.05	4.142	111.42268129165899	4	24.73	202.20235505975174	5.344072489830098
2	25.206	230.05	4.142	109.50716134233141	4	24.73	202.0184986736219	5.397143083711223
2	25.206	230.05	4.142	108.7240351887814	4	24.73	205.05502557966125	5.352689454536787
2	25.206	230.05	4.142	98.64323827707553	4	24.73	206.24057448242266	5.327116499935512
2	25.206	230.05	4.142	108.59869108003008	4	24.73	201.88820157035516	5.379540191131243
2	25.206	230.05	4.142	118.49153483629345	4	24.73	205.3041868780996	5.495310213289974
2	25.206	230.05	4.142	103.92799348966211	4	24.73	200.11833615091433	5.417607218769339
2	25.206	230.05	4.142	114.6964813173715	4	24.73	200.93403768190174	5.255619188654607
2	25.206	230.05	4.142	108.89315284628537	4	24.73	202.11011296955448	5.243079359125989
2	25.206	230.05	4.142	116.76472733326459	4	24.73	202.86377227421852	5.298952394130658
2	25.206	230.05	4.142	101.1622525239616	4	24.73	203.44819905386305	5.359706042002551
2	25.206	230.05	4.142	121.26373651057371	4	24.73	202.25166492905316	5.383915814850039
2	25.206	230.05	4.142	107.67259279454557	4	24.73	203.22040072355526	5.352573174162562
2	25.206	230.05	4.142	105.50604544387326	4	24.73	201.4321750028337	5.137593865849195
2	25.206	230.05	4.142	104.36395229466177	4	24.73	205.0924282028631	5.474244951381255
2	25.206	230.05	4.142	118.35384940012408	4	24.73	202.78397479695562	5.40411758225241
2	25.206	230.05	4.142	110.09431326911917	4	24.73	203.21130937400633	5.398472491829174
2	25.206	230.05	4.142	116.57544166626768	4	24.73	203.6908084496289	5.29421529795387
2	25.206	230.05	4.142	129.29106573905113	4	24.73	203.64023578745912	5.425500765962697
2	25.206	230.05	4.142	120.16795007289572	4	24.73	202.50820555986516	5.4005835151356525
2	25.206	230.05	4.142	114.44507612221105	4	24.73	201.30021689187322	5.541352877774925
2	25.206	230.05	4.142	113.42143092583986	4	24.73	205.05324802144278	5.273694187160932
2	25.206	230.05	4.142	130.17694523920727	4	24.73	202.07195562511527	5.2833812265572115
2	25.206	230.05	4.142	105.18701506112735	4	24.73	206.29386446155007	5.285902957447691
2	25.206	230.05	4.142	110.16699855098628	4	24.73	201.46136566051484	5.415274374621224
2	25.206	230.05	4.142	116.34978260518051	4	24.73	200.21094742334438	5.235022142766768
2	25.206	230.05	4.142	104.88685822006882	4	24.73	206.06805048884044	5.362316000751672
2	25.206	230.05	4.142	123.85704316078782	4	24.73	201.5671901664717	5.374041492138563
2	25.206	230.05	4.142	108.77595868695707	4	24.73	204.1951079303987	5.288484899272507
2	25.206	230.05	4.142	116.41404019656666	4	24.73	206.7839568659038	5.422592854267332
2	25.206	230.05	4.142	124.18671533880287	4	24.73	202.51175309407068	5.364201778381639
2	25.206	230.05	4.142	114.95844552973284	4	24.73	205.32524092557165	5.348037606295378
2	25.206	230.05	4.142	110.32320110678707	4	24.73	204.10593783030498	5.349300357186011
2	25.206	230.05	4.142	120.69635701269556	4	24.73	204.49910956428053	5.2856690430428594
2	25.206	230.05	4.142	118.5870345110045	4	24.73	201.69877767983633	5.312257185974124
2	25.206	230.05	4.142	108.07434743458508	4	24.73	203.20400496443915	5.3777812283419015
2	25.206	230.05	4.142	109.59368361023907	4	24.73	201.78847116885558	5.408285144721353
2	25.206	230.05	4.142	101.58825757501556	4	24.73	203.26928645854608	5.502760669236186
2	25.206	230.05	4.142	119.69141225207149	4	24.73	204.85293445945953	5.232362324320039
2	25.206	230.05	4.142	101.33463819619963	4	24.73	199.7737709051866	5.350766371600616
2	25.206	230.05	4.142	122.17382236919082	4	24.73	201.90447214672116	5.352757432093145
2	25.206	230.05	4.142	111.28355445465972	4	24.73	202.54597131947543	5.149998442404421
2	25.206	230.05	4.142	103.40993402623582	4	24.73	203.2911391592964	5.397466047127542
2	25.206	230.05	4.142	104.04498014767144	4	24.73	202.2713880026539	5.4687491954047935
2	25.206	230.05	4.142	107.50775762937522	4	24.73	200.12231497220174	5.371790489770198
2	25.206	230.05	4.142	103.29704320922941	4	24.73	202.7544581229575	5.328006732989786
2	25.206	230.05	4.142	122.44604764522009	4	24.73	199.80084953334764	5.43450857669818
2	25.206	230.05	4.142	108.00687416096805	4	24.73	199.10127529482767	5.416144153228085
2	25.206	230.05	4.142	108.98443480487042	4	24.73	204.99609963252684	5.400310209847578
2	25.206	230.05	4.142	97.99059052379089	4	24.73	203.86386501645563	5.351381988454997
2	25.206	230.05	4.142	122.1823572907216	4	24.73	204.0494558153833	5.377137962961038
2	25.206	230.05	4.142	96.07562422047582	4	24.73	204.10971125388878	5.403597044408936
2	25.206	230.05	4.142	102.87283156914098	4	24.73	202.80179038978284	5.5235454555195975
2	25.206	230.05	4.142	112.07265947103733	4	24.73	199.2669682310282	5.266000542928516
2	25.206	230.05	4.142	131.2700409514089	4	24.73	201.89162897135523	5.23952782198291
2	25.206	230.05	4.142	114.17121458910357	4	24.73	207.43370207547264	5.412015131279204
2	25.206	230.05	4.142	114.24207874043914	4	24.73	205.45062415096703	5.303177230168075
2	25.206	230.05	4.142	131.89342739475916	4	24.73	202.0701539780599	5.221079595259402
2	25.206	230.05	4.142	116.35118246240874	4	24.73	201.53614833756043	5.239460731613611
2	25.206	230.05	4.142	127.9399064225555	4	24.73	205.95535518309126	5.545034280994481
2	25.206	230.05	4.142	113.16696394835158	4	24.73	203.71072465701818	5.32803935507709
2	25.206	230.05	4.142	120.22450786085813	4	24.73	204.55354465637524	5.351611256442614
2	25.206	230.05	4.142	115.16449852135517	4	24.73	204.61290797066667	5.388307339122411
2	25.206	230.05	4.142	116.9722856737292	4	24.73	202.47151451517345	5.323138516884381
2	25.206	230.05	4.142	126.2808808934291	4	24.73	203.390138419427	5.308013176843151
2	25.206	230.05	4.142	116.08723834936525	4	24.73	200.74404274460642	5.347974235344795
2	25.206	230.05	4.142	117.52358260127302	4	24.73	201.53584604031187	5.423650949291733
2	25.206	230.05	4.142	97.454014805408	4	24.73	204.0505892734346	5.400536159219391
2	25.206	230.05	4.142	132.04510773225667	4	24.73	203.32513374952117	5.434551131955174
2	25.206	230.05	4.142	105.45869010871853	4	24.73	200.08712205755626	5.149510015826779
2	25.206	230.05	4.142	114.81602310505949	4	24.73	202.22410340958575	5.581935096600763
2	25.206	230.05	4.142	120.79905512007406	4	24.73	200.57011614719585	5.370201876531465
2	25.206	230.05	4.142	112.24998015216681	4	24.73	203.0185981848206	5.408264802050687
2	25.206	230.05	4.142	118.9349679464475	4	24.73	202.3765314420861	5.275913476173879
2	25.206	230.05	4.142	113.79030151315521	4	24.73	202.26423797378033	5.49123124932772
2	25.206	230.05	4.142	112.68951327055612	4	24.73	202.74372501242652	5.469057424095719
2	25.206	230.05	4.142	107.35880205768383	4	24.73	204.2752089671657	5.190608081302778
2	25.206	230.05	4.142	111.80267753878795	4	24.73	204.50317193918838	5.234431659686497
2	25.206	230.05	4.142	96.15853682794608	4	24.73	200.75195899361213	5.355913209382696
2	25.206	230.05	4.142	122.1586930885903	4	24.73	201.39383645157366	5.231918673613649
2	25.206	230.05	4.142	107.86190551159581	4	24.73	200.24142765524354	5.291471146140929
2	25.206	230.05	4.142	126.48026281137288	4	24.73	204.15431447149544	5.268627271882042
2	25.206	230.05	4.142	97.02321006841977	4	24.73	203.69835703361505	5.285672469472137
2	25.206	230.05	4.142	108.2711058511658	4	24.73	198.56920569472433	5.35638228045222
2	25.206	230.05	4.142	121.02177794463095	4	24.73	201.7797522260213	5.317566109936885
2	25.206	230.05	4.142	119.7502647147559	4	24.73	202.58542335195605	5.296043566414767
2	25.206	230.05	4.142	118.69433844939518	4	24.73	200.41787507356827	5.455424231249766
2	25.206	230.05	4.142	112.65489872837227	4	24.73	201.35611546516327	5.220722158737872
2	25.206	230.05	4.142	106.15587347476315	4	24.73	205.62625897229884	5.278288905030712
2	25.206	230.05	4.142	100.33819558776703	4	24.73	201.01640989092266	5.172396702758593
2	25.206	230.05	4.142	99.41119504262407	4	24.73	197.46177761510077	5.40910168680013
2	25.206	230.05	4.142	90.22272297025188	4	24.73	205.13507240319586	5.572841146351581
2	25.206	230.05	4.142	115.8401321739327	4	24.73	200.85894745594132	5.332437950864819
2	25.206	230.05	4.142	103.63318047375887	4	24.73	198.65693695062575	5.378946365866202
2	25.206	230.05	4.142	106.1661365449129	4	24.73	203.30909871015876	5.1911911765574885
2	25.206	230.05	4.142	108.98039361220003	4	24.73	203.21694288449822	5.206173165934606
2	25.206	230.05	4.142	104.65181616422231	4	24.73	205.75107672024052	5.32901109285931
2	25.206	230.05	4.142	128.03674740715792	4	24.73	202.54090111715672	5.273833665422218
2	25.206	230.05	4.142	134.84542979232882	4	24.73	203.1914861744336	5.43912932029469
2	25.206	230.05	4.142	119.9759520862815	4	24.73	205.67097937105407	5.540267039561609
2	25.206	230.05	4.142	108.05642378384009	4	24.73	200.44667307464934	5.598378691174952
2	25.206	230.05	4.142	105.50474239620407	4	24.73	205.32306732749228	5.465790739809391
2	25.206	230.05	4.142	119.12779575082102	4	24.73	204.6332827558793	5.123145804215271
2	25.206	230.05	4.142	111.77550775547729	4	24.73	202.74911126592391	5.4803963928256305
2	25.206	230.05	4.142	104.72760858197078	4	24.73	200.41697407341994	5.381803332845942
2	25.206	230.05	4.142	99.95783056790091	4	24.73	205.45547489401184	5.332106790162742
2	25.206	230.05	4.142	117.3660647152889	4	24.73	201.51155758188864	5.325335729222486
2	25.206	230.05	4.142	104.21928277058646	4	24.73	199.3521868585423	5.378945218610353
2	25.206	230.05	4.142	105.51664744546918	4	24.73	200.6040675436451	5.4374037627099
2	25.206	230.05	4.142	115.47793141995594	4	24.73	202.03103037702758	5.318359665146011
2	25.206	230.05	4.142	108.90905772238766	4	24.73	201.93472274619964	5.400184630226202
2	25.206	230.05	4.142	114.13800769144204	4	24.73	205.02350173189635	5.374676475137974
2	25.206	230.05	4.142	120.24164476441469	4	24.73	202.34579840562532	5.290359214577395
2	25.206	230.05	4.142	113.06138606855431	4	24.73	202.16881287609314	5.219275212613639
2	25.206	230.05	4.142	107.42366843729374	4	24.73	203.04648134782383	5.331586177027807
2	25.206	230.05	4.142	108.16822559027773	4	24.73	200.53078482011134	5.411728421631736
2	25.206	230.05	4.142	105.89591389802125	4	24.73	200.51165738153313	5.306607409605296
2	25.206	230.05	4.142	109.37052490417956	4	24.73	200.24847459813975	5.404757758019392
2	25.206	230.05	4.142	101.11269155505818	4	24.73	202.8082383182915	5.296272517808021
2	25.206	230.05	4.142	110.86660184189127	4	24.73	204.31599320261066	5.3783639993105545
2	25.206	230.05	4.142	103.60778457799795	4	24.73	204.34385775302394	5.115753660933026
2	25.206	230.05	4.142	99.1260198331045	4	24.73	202.88376556148	5.273158176099845
2	25.206	230.05	4.142	105.3457920158719	4	24.73	203.57460567312066	5.20767759469341
2	25.206	230.05	4.142	115.36430931087197	4	24.73	203.04345246446067	5.403972388654196
2	25.206	230.05	4.142	106.11065799556641	4	24.73	203.34651549369414	5.357865240283118
2	25.206	230.05	4.142	105.8165159729646	4	24.73	202.81848328806984	5.356007649660653
2	25.206	230.05	4.142	116.84686100584554	4	24.73	203.99044378372125	5.261633123308427
2	25.206	230.05	4.142	108.07295881847287	4	24.73	200.71600252396118	5.188867911175897
2	25.206	230.05	4.142	115.02244704184062	4	24.73	204.07069014644534	5.510406422876329
2	25.206	230.05	4.142	116.05454612390884	4	24.73	200.31126229502982	5.2183668641312995
2	25.206	230.05	4.142	103.51178914411587	4	24.73	201.72679525823438	5.272877823206193
2	25.206	230.05	4.142	106.31728863205583	4	24.73	204.56045948192838	5.559104166859529
2	25.206	230.05	4.142	117.48368608362648	4	24.73	206.15503282838503	5.4637693805140115
2	25.206	230.05	4.142	93.19756098422789	4	24.73	206.27198441535015	5.359158923179251
2	25.206	230.05	4.142	116.08740347252736	4	24.73	201.22013530453023	5.361042399590608
2	25.206	230.05	4.142	91.63705734436539	4	24.73	205.09177996292044	5.385661264874085
2	25.206	230.05	4.142	95.6337046378202	4	24.73	204.93795401767022	5.415164472540797
2	25.206	230.05	4.142	117.57530517692291	4	24.73	201.18132350489978	5.205703320448867
2	25.206	230.05	4.142	120.86133827795786	4	24.73	204.62625837754717	5.337910012160778
2	25.206	230.05	4.142	120.21977822560179	4	24.73	203.32270691595326	5.4468903918967095
2	25.206	230.05	4.142	113.84979326172012	4	24.73	201.32224526365718	5.299374863107607
2	25.206	230.05	4.142	117.3388996902504	4	24.73	202.11186432338536	5.44731725355707
2	25.206	230.05	4.142	118.63108795052045	4	24.73	203.9720982189361	5.340200045010252
2	25.206	230.05	4.142	102.13067004967168	4	24.73	202.09143162313123	5.432494118945661
2	25.206	230.05	4.142	123.42034942863967	4	24.73	198.60879210357047	5.193358225036163
2	25.206	230.05	4.142	101.5562109411641	4	24.73	203.51947044060952	5.361386539402253
2	25.206	230.05	4.142	105.674466196933	4	24.73	203.04751209342527	5.569334092502901
2	25.206	230.05	4.142	121.01408256586923	4	24.73	201.30178432283242	5.360036080616244
2	25.206	230.05	4.142	124.90328962968769	4	24.73	203.46176502967194	5.42113719507813
2	25.206	230.05	4.142	100.7817010311725	4	24.73	204.1193089029599	5.336385078616105
2	25.206	230.05	4.142	117.68952600910286	4	24.73	203.3544289699308	5.351508939576438
2	25.206	230.05	4.142	105.90311840477248	4	24.73	202.38782575344135	5.274374514345921
2	25.206	230.05	4.142	98.46818097193093	4	24.73	202.80397611706977	5.342658788767388
2	25.206	230.05	4.142	137.1974967085667	4	24.73	201.5562975365662	5.535765534520447
2	25.206	230.05	4.142	114.63338612912727	4	24.73	205.09023765176934	5.251522406937832
2	25.206	230.05	4.142	113.67059468238253	4	24.73	200.0083368757577	5.289684397451272
2	25.206	230.05	4.142	97.05060969754805	4	24.73	205.23335319781188	5.3194627255746125
2	25.206	230.05	4.142	118.94538668370241	4	24.73	204.8769030199369	5.251700797117006
2	25.206	230.05	4.142	106.06807792301912	4	24.73	205.88637988312433	5.192916177167339
2	25.206	230.05	4.142	121.81844089526882	4	24.73	203.83449182772887	5.42329494308248
2	25.206	230.05	4.142	109.35813176580514	4	24.73	203.6872470424082	5.406516151163958
2	25.206	230.05	4.142	119.99208751493886	4	24.73	205.1015440084628	5.381832997132062
2	25.206	230.05	4.142	117.19765192736263	4	24.73	199.4882857742296	5.468608702159485
2	25.206	230.05	4.142	107.23198485186126	4	24.73	199.69026875421704	5.324272833508097
2	25.206	230.05	4.142	123.18748591291029	4	24.73	199.93287360142986	5.296167705098748
2	25.206	230.05	4.142	119.72427759834545	4	24.73	202.68628984418385	5.366991671007932
2	25.206	230.05	4.142	121.7963888379439	4	24.73	205.75640112493238	5.268881338368813
2	25.206	230.05	4.142	122.33416454710405	4	24.73	201.39939984585695	5.335156289568155
2	25.206	230.05	4.142	124.75421144707163	4	24.73	207.2148427762375	5.2540153689234135
2	25.206	230.05	4.142	114.48388280710381	4	24.73	208.3080548434611	5.388791468591587
2	25.206	230.05	4.142	116.77813514830727	4	24.73	203.38776676150084	5.325512523017227
2	25.206	230.05	4.142	123.92631882619082	4	24.73	201.735157102345	5.3043932855692635
2	25.206	230.05	4.142	112.76223808703531	4	24.73	200.8103511928676	5.287054464668912
2	25.206	230.05	4.142	99.95053646923752	4	24.73	203.5849941134747	5.417830338305943
2	25.206	230.05	4.142	111.24460055596332	4	24.73	203.45324677889184	5.349621685227847
2	25.206	230.05	4.142	105.09505726440369	4	24.73	200.2291728750928	5.450958026888523
2	25.206	230.05	4.142	110.91701236953294	4	24.73	201.6967852630916	5.3567540562325195
2	25.206	230.05	4.142	99.24343480440734	4	24.73	200.65829081036813	5.4376200636894945
2	25.206	230.05	4.142	117.93881423763199	4	24.73	200.4810884257679	5.29012554029587
2	25.206	230.05	4.142	114.40173679649898	4	24.73	203.0554946570853	5.410953788049722
2	25.206	230.05	4.142	123.25547652295114	4	24.73	201.8898761774095	5.361938415172725
2	25.206	230.05	4.142	109.60025337348675	4	24.73	204.0916328869711	5.498210072569368
2	25.206	230.05	4.142	112.21689990644015	4	24.73	201.02979396807297	5.362719129497844
2	25.206	230.05	4.142	113.27092749881673	4	24.73	204.47853641100536	5.36576737823478
2	25.206	230.05	4.142	102.03512411810219	4	24.73	202.48806427544937	5.4008322531789466
2	25.206	230.05	4.142	130.83049956119163	4	24.73	205.51623119850913	5.40941577259113
2	25.206	230.05	4.142	114.39996016441665	4	24.73	201.89425851958933	5.375851601600887
2	25.206	230.05	4.142	116.72340868396459	4	24.73	204.32988511467082	5.293508208767683
2	25.206	230.05	4.142	122.33441379927545	4	24.73	203.30559944052862	5.271046711468275
2	25.206	230.05	4.142	112.98165137694532	4	24.73	207.72009041553764	5.411276776172568
2	25.206	230.05	4.142	119.07478575980907	4	24.73	205.525696564158	5.211848090903616
2	25.206	230.05	4.142	112.98185382827208	4	24.73	202.88503644312559	5.176772947413032
2	25.206	230.05	4.142	114.45817048034463	4	24.73	202.0989562704854	5.396691849693205
2	25.206	230.05	4.142	117.14599757887643	4	24.73	205.569232080925	5.16915823819798
2	25.206	230.05	4.142	113.41538243939273	4	24.73	201.97220482961833	5.454038255535854
2	25.206	230.05	4.142	113.89011499344414	4	24.73	204.7561700279727	5.3985013723150175
2	25.206	230.05	4.142	111.06715612194292	4	24.73	204.53207011339796	5.344259502381993
2	25.206	230.05	4.142	113.01598373665728	4	24.73	205.12323550732313	5.357852830534475
2	25.206	230.05	4.142	120.75164439719548	4	24.73	201.18377872949094	5.348619298396999
2	25.206	230.05	4.142	107.71054979811208	4	24.73	203.50702750276304	5.302700019293214
2	25.206	230.05	4.142	117.14377026684993	4	24.73	201.08733582396064	5.297769388980101
2	25.206	230.05	4.142	125.26922854335518	4	24.73	202.18625971748946	5.493294774178459
2	25.206	230.05	4.142	102.48186491142923	4	24.73	203.94780200990888	5.38293987697986
2	25.206	230.05	4.142	97.80088597423159	4	24.73	199.75729797204744	5.129108593975403
2	25.206	230.05	4.142	114.5949076334635	4	24.73	203.46400717560857	5.360391023682366
2	25.206	230.05	4.142	118.01181661125156	4	24.73	201.72585034753507	5.49959169315761
2	25.206	230.05	4.142	111.52172946102164	4	24.73	206.8584906724703	5.440853177855837
2	25.206	230.05	4.142	109.77743103279653	4	24.73	199.60729486055493	5.382207683866433
2	25.206	230.05	4.142	108.79880428148132	4	24.73	203.62536543843058	5.379593979698085
2	25.206	230.05	4.142	103.19205008559823	4	24.73	208.48576033497213	5.5057637302617595
2	25.206	230.05	4.142	129.44263464714956	4	24.73	204.99944883835616	5.236796939330889
2	25.206	230.05	4.142	112.63158670336463	4	24.73	200.1660334129764	5.360249175658839
2	25.206	230.05	4.142	127.24165186211161	4	24.73	202.18135995447028	5.335937362535938
2	25.206	230.05	4.142	126.12890984061441	4	24.73	205.36559641560115	5.336529069106902
2	25.206	230.05	4.142	99.16732105361686	4	24.73	199.70442787149364	5.262275608258339
2	25.206	230.05	4.142	112.33019932973792	4	24.73	205.64409190157798	5.301782913037841
2	25.206	230.05	4.142	118.75371707557923	4	24.73	208.06077581616813	5.34808909734966
2	25.206	230.05	4.142	113.51797113137195	4	24.73	204.17919503036615	5.2549275069239645
2	25.206	230.05	4.142	105.89546772111044	4	24.73	202.86608479789737	5.300704278952365
2	25.206	230.05	4.142	110.59827488938461	4	24.73	201.84466955396022	5.268963893313791
2	25.206	230.05	4.142	112.0358100216978	4	24.73	201.84609617728282	5.283206194403642
2	25.206	230.05	4.142	111.10830568679795	4	24.73	202.54408880360546	5.277489370611504
2	25.206	230.05	4.142	113.28317512359952	4	24.73	202.74243360187282	5.393329895665714
2	25.206	230.05	4.142	113.9074018517714	4	24.73	205.4720957494014	5.1363554272885
2	25.206	230.05	4.142	109.85243689737558	4	24.73	206.22495658081107	5.3610567807218
2	25.206	230.05	4.142	113.33701327348757	4	24.73	203.64036496772755	5.549711195796926
2	25.206	230.05	4.142	107.86252084433869	4	24.73	204.07849915682968	5.390923907497544
2	25.206	230.05	4.142	114.79644149394157	4	24.73	200.24498875838376	5.367077849905619
2	25.206	230.05	4.142	118.86114436746254	4	24.73	204.6531208145403	5.184487003757349
2	25.206	230.05	4.142	116.14884866429931	4	24.73	200.46821059312128	5.193062598224639
2	25.206	230.05	4.142	115.3746014819422	4	24.73	203.76189582172574	5.225020568501712
2	25.206	230.05	4.142	109.31018143462197	4	24.73	203.16553181328345	5.323376479767571
2	25.206	230.05	4.142	116.07193133678331	4	24.73	202.29623862306684	5.226980527619859
2	25.206	230.05	4.142	116.79882671435087	4	24.73	200.92813101187554	5.1105959551226015
2	25.206	230.05	4.142	118.5982927495978	4	24.73	203.50069832246197	5.316343648855858
2	25.206	230.05	4.142	110.44535855433747	4	24.73	198.9559245597975	5.430345891641238
2	25.206	230.05	4.142	112.90253435720567	4	24.73	200.4126793254862	5.4275161452142875
2	25.206	230.05	4.142	113.10770867442784	4	24.73	206.08091809113	5.405483043279881
2	25.206	230.05	4.142	104.64608405142215	4	24.73	203.60616275978964	5.3830115904266105
2	25.206	230.05	4.142	107.67546361381602	4	24.73	203.6527537197226	5.305644879485699
2	25.206	230.05	4.142	121.25405628056888	4	24.73	200.65410322529942	5.192243178433591
2	25.206	230.05	4.142	103.3530049001724	4	24.73	203.9993389969816	5.443330554386826
2	25.206	230.05	4.142	101.325912225659	4	24.73	201.82779805840278	5.410134772117047
2	25.206	230.05	4.142	122.55590262326402	4	24.73	205.28786165798766	5.241824481331153
2	25.206	230.05	4.142	115.5460882911539	4	24.73	202.2696475920256	5.529505467069452
2	25.206	230.05	4.142	108.44115860067838	4	24.73	202.55185212139693	5.383988959550642
2	25.206	230.05	4.142	115.99173731458586	4	24.73	200.82655692680075	5.311152553715738
2	25.206	230.05	4.142	119.28185428034786	4	24.73	203.88904369592203	5.423389894148992
2	25.206	230.05	4.142	101.9519611152633	4	24.73	202.17876458174382	5.385277300304761
2	25.206	230.05	4.142	113.55495828875999	4	24.73	204.20404524768838	5.38390442149635
2	25.206	230.05	4.142	120.15234618159562	4	24.73	202.4800430167759	5.285675569358629
2	25.206	230.05	4.142	111.22804734298244	4	24.73	202.4204356994703	5.407626815577304
2	25.206	230.05	4.142	99.26393278524961	4	24.73	201.07124041179273	5.49047685386764
2	25.206	230.05	4.142	99.75906832269436	4	24.73	203.61507724134893	5.345251205265595
2	25.206	230.05	4.142	125.21281377147615	4	24.73	202.00497186042256	5.419582806855242
2	25.206	230.05	4.142	127.68068321240551	4	24.73	206.17873045211473	5.357980111803376
2	25.206	230.05	4.142	120.09762244336244	4	24.73	203.89308900949078	5.3326287379375605
2	25.206	230.05	4.142	107.199844349636	4	24.73	204.10618449706692	5.284976752376344
2	25.206	230.05	4.142	117.75329872762693	4	24.73	202.147281743776	5.331490843202733
2	25.206	230.05	4.142	120.3714346731915	4	24.73	205.27482421224644	5.347834913382034
2	25.206	230.05	4.142	112.79028153093537	4	24.73	199.53858927974426	5.330656652550728
2	25.206	230.05	4.142	105.28819601288968	4	24.73	203.45000803622528	5.4123192860375084
2	25.206	230.05	4.142	128.50247879253283	4	24.73	203.90340893552928	5.402525003351445
2	25.206	230.05	4.142	112.00498401943115	4	24.73	203.61053740472113	5.39286160957586
2	25.206	230.05	4.142	108.03220392428513	4	24.73	202.71495246274583	5.394460863273808
2	25.206	230.05	4.142	119.13843181479571	4	24.73	198.8440769934732	5.365773470477559
2	25.206	230.05	4.142	109.83499679658023	4	24.73	200.78507720502543	5.285569357774029
2	25.206	230.05	4.142	97.71581525742585	4	24.73	203.34038741313506	5.360164770494523
2	25.206	230.05	4.142	116.42749299930219	4	24.73	202.42039216956826	5.315882892085458
2	25.206	230.05	4.142	120.828188914408	4	24.73	202.14225477406626	5.309850540269799
2	25.206	230.05	4.142	118.43642372316097	4	24.73	203.40335961266584	5.335376804775925
2	25.206	230.05	4.142	114.39872319454275	4	24.73	200.36337418823734	5.478161299467241
2	25.206	230.05	4.142	114.63286842619681	4	24.73	200.47489361691675	5.255005239472851
2	25.206	230.05	4.142	112.19103566244078	4	24.73	197.9382502559228	5.425947963807698
2	25.206	230.05	4.142	126.41879946642722	4	24.73	201.39971991643358	5.381860811111169
2	25.206	230.05	4.142	99.95845699490569	4	24.73	199.8994985315124	5.4049810318497435
2	25.206	230.05	4.142	123.9905765875684	4	24.73	203.35609035127823	5.504749970396376
2	25.206	230.05	4.142	116.12138647002887	4	24.73	205.27439234284245	5.192113585759084
2	25.206	230.05	4.142	99.77939383378836	4	24.73	203.6239489405651	5.380501698117594
2	25.206	230.05	4.142	121.231403624603	4	24.73	204.07426915036783	5.419851315159208
2	25.206	230.05	4.142	111.96747111328074	4	24.73	200.77867158740784	5.324132767019951
2	25.206	230.05	4.142	120.98777257947758	4	24.73	202.94349934502097	5.305486379122493
2	25.206	230.05	4.142	123.02970273539113	4	24.73	206.37922063309315	5.340477780578732
2	25.206	230.05	4.142	110.98013905605387	4	24.73	201.7649742913275	5.33448028232066
2	25.206	230.05	4.142	105.27163388013659	4	24.73	203.8281309880355	5.438630084950449
2	25.206	230.05	4.142	105.30099842540979	4	24.73	205.1962150558333	5.242796803264222
2	25.206	230.05	4.142	114.09032240534805	4	24.73	202.78577214811844	5.238207708740921
2	25.206	230.05	4.142	117.17279546069445	4	24.73	200.4577950699448	5.403417830947558
2	25.206	230.05	4.142	107.48286137805118	4	24.73	203.75767462680716	5.470002700298355
2	25.206	230.05	4.142	103.64917971339167	4	24.73	203.91321929090583	5.33416383412012
2	25.206	230.05	4.142	107.6325802142058	4	24.73	199.15964611002838	5.282700785241845
2	25.206	230.05	4.142	97.80661336162628	4	24.73	201.49473501332955	5.267612991975837
2	25.206	230.05	4.142	103.76727243464164	4	24.73	205.86442205762577	5.254759602147331
2	25.206	230.05	4.142	101.62353598165963	4	24.73	204.47879384002854	5.355798606970475
2	25.206	230.05	4.142	96.02598815635147	4	24.73	202.17606689055432	5.36208802950905
2	25.206	230.05	4.142	100.71661243408016	4	24.73	203.13105307109882	5.33995067032692
2	25.206	230.05	4.142	115.5179725370573	4	24.73	204.28356934849324	5.396065053991647
2	25.206	230.05	4.142	102.07421068622429	4	24.73	198.99144646750918	5.433659886711685
2	25.206	230.05	4.142	102.03822169579225	4	24.73	202.5666453192824	5.2348822646245035
2	25.206	230.05	4.142	125.90315503451427	4	24.73	203.1815050088139	5.406667430016331
2	25.206	230.05	4.142	115.36058799549501	4	24.73	202.86366353707547	5.270477672070754
2	25.206	230.05	4.142	116.2707204941925	4	24.73	203.01057384506305	5.358011364255377
2	25.206	230.05	4.142	119.75444067584142	4	24.73	203.51572121756067	5.290376788981054
2	25.206	230.05	4.142	107.61483924939205	4	24.73	200.7929229445278	5.3264049257124055
2	25.206	230.05	4.142	123.56724017734352	4	24.73	199.58011992713213	5.414413364832677
2	25.206	230.05	4.142	123.8671870549	4	24.73	202.22348299601782	5.459014396671008
2	25.206	230.05	4.142	111.9761349241353	4	24.73	204.47604369618676	5.275220176479054
2	25.206	230.05	4.142	102.26098750384268	4	24.73	205.71161714234924	5.476015318506979
2	25.206	230.05	4.142	102.73149824631959	4	24.73	200.5498191399739	5.285546943254904
2	25.206	230.05	4.142	117.76032248404378	4	24.73	203.86981774529747	5.309084943608607
2	25.206	230.05	4.142	119.50280695232122	4	24.73	206.23884785814647	5.261189752173596
2	25.206	230.05	4.142	100.69576909949802	4	24.73	200.59578378129632	5.390773284255829
2	25.206	230.05	4.142	104.9527251186547	4	24.73	199.02725632172792	5.532613885451586
2	25.206	230.05	4.142	97.06956789861849	4	24.73	204.29735333125504	5.55920681921078
2	25.206	230.05	4.142	100.00255320624878	4	24.73	205.3433847635654	5.230821215483219
2	25.206	230.05	4.142	111.6279094124179	4	24.73	198.17566861791335	5.449493088150288
2	25.206	230.05	4.142	118.00214712313938	4	24.73	202.65584187493434	5.5291330490881
2	25.206	230.05	4.142	120.36289813973622	4	24.73	203.1028763878256	5.300325076424792
2	25.206	230.05	4.142	113.10912553638798	4	24.73	200.35902064599705	5.322081997740663
2	25.206	230.05	4.142	118.35119404575131	4	24.73	205.21909410933512	5.269168936189988
2	25.206	230.05	4.142	114.90876384238811	4	24.73	204.18777014519813	5.33931079877693
2	25.206	230.05	4.142	115.61941502563393	4	24.73	202.63165099685773	5.450659907750486
2	25.206	230.05	4.142	115.11802876346133	4	24.73	202.23765781212728	5.268626086608676
2	25.206	230.05	4.142	116.30467198595312	4	24.73	202.48233281299545	5.356856822300826
2	25.206	230.05	4.142	116.2928776009663	4	24.73	202.33570869418068	5.393317185023672
2	25.206	230.05	4.142	114.60293031376021	4	24.73	204.34186174904013	5.2958714142525665
2	25.206	230.05	4.142	106.03004320336635	4	24.73	199.55461843656997	5.413117508139122
2	25.206	230.05	4.142	113.51420769715777	4	24.73	202.71802405970072	5.40166319231676
2	25.206	230.05	4.142	115.34452758715398	4	24.73	202.4041050327688	5.15731854731404
2	25.206	230.05	4.142	113.27941689263075	4	24.73	201.5699618994878	5.201533187616229
2	25.206	230.05	4.142	124.8915957272144	4	24.73	201.17278754471175	5.31170388811914
2	25.206	230.05	4.142	107.32970519071839	4	24.73	205.86028217454697	5.253473393361768
2	25.206	230.05	4.142	114.79391240240969	4	24.73	201.3298365349307	5.261320737604555
2	25.206	230.05	4.142	111.97049297495701	4	24.73	206.91123285546735	5.416474887555683
2	25.206	230.05	4.142	115.50318050657677	4	24.73	205.98408410770884	5.4879265859031845
2	25.206	230.05	4.142	108.53595585471618	4	24.73	201.1367445069373	5.463639215624873
2	25.206	230.05	4.142	111.01523535899065	4	24.73	199.03261137086847	5.491831496112565
2	25.206	230.05	4.142	104.9665226799326	4	24.73	203.89843158542283	5.107608803102527
2	25.206	230.05	4.142	112.88695854741464	4	24.73	203.37551071833877	5.399453388875182
2	25.206	230.05	4.142	117.72604009689952	4	24.73	206.5301324705422	5.20896611061884
2	25.206	230.05	4.142	114.97899297204125	4	24.73	203.62723098203887	5.345676642954705
2	25.206	230.05	4.142	119.26446024250242	4	24.73	200.5137626602009	5.337600058648698
2	25.206	230.05	4.142	106.74047914160892	4	24.73	202.83523767636842	5.263905305732294
2	25.206	230.05	4.142	120.20881249739324	4	24.73	203.90087572773305	5.596564284611898
2	25.206	230.05	4.142	116.99770102858741	4	24.73	203.07910893678167	5.31250182145846
2	25.206	230.05	4.142	116.85027173965057	4	24.73	200.6654670809843	5.477534841673318
2	25.206	230.05	4.142	117.62998603671645	4	24.73	203.35377944371768	5.343808946304446
2	25.206	230.05	4.142	112.9529304135644	4	24.73	204.66792106997065	5.2775663012309355
2	25.206	230.05	4.142	111.48197419493918	4	24.73	201.58983347660083	5.409065808902537
2	25.206	230.05	4.142	118.35095653477254	4	24.73	205.60661960630065	5.313539045615661
2	25.206	230.05	4.142	117.2859091002404	4	24.73	204.34945122287454	5.265671165590123
2	25.206	230.05	4.142	95.13778833034372	4	24.73	205.01967060049506	5.349795370196473
2	25.206	230.05	4.142	106.7273004137762	4	24.73	201.42036939141335	5.336428512285728
2	25.206	230.05	4.142	101.704819068874	4	24.73	202.0564657407511	5.381469889019773
2	25.206	230.05	4.142	109.6797115894135	4	24.73	201.450716376476	5.453519442268942
2	25.206	230.05	4.142	105.611229958487	4	24.73	202.00618675662034	5.413744687729515
2	25.206	230.05	4.142	114.43067325262675	4	24.73	201.5657371186807	5.266043294367325
2	25.206	230.05	4.142	114.44050263040162	4	24.73	202.79487351500822	5.21518451486218
2	25.206	230.05	4.142	118.57018093355612	4	24.73	199.7551331331341	5.291308759111769
2	25.206	230.05	4.142	110.11274512168852	4	24.73	201.14878965784683	5.270168551015058
2	25.206	230.05	4.142	121.06147161168576	4	24.73	201.8311538345825	5.611969888050477
2	25.206	230.05	4.142	120.72819078333934	4	24.73	203.25622867132648	5.438177383459811
2	25.206	230.05	4.142	110.44320611079507	4	24.73	203.7180023751661	5.450096315822396
2	25.206	230.05	4.142	106.56115313204405	4	24.73	204.6798003964731	5.368908306446566
2	25.206	230.05	4.142	107.16096382174719	4	24.73	202.4193432288361	5.419154292364816
2	25.206	230.05	4.142	101.7771320151938	4	24.73	206.5767082024442	5.35082653352796
2	25.206	230.05	4.142	110.86116415944052	4	24.73	203.86645433601527	5.3748379725745785
2	25.206	230.05	4.142	135.14843201463447	4	24.73	201.7611471968304	5.330519279357768
2	25.206	230.05	4.142	107.77826939202936	4	24.73	202.46149371289883	5.343294961580218
2	25.206	230.05	4.142	115.46098531840508	4	24.73	205.03593547342987	5.431716082283513
2	25.206	230.05	4.142	103.45122177703757	4	24.73	200.81944138254806	5.381433861492696
2	25.206	230.05	4.142	124.20850547685518	4	24.73	200.6789455263161	5.328350770026306
2	25.206	230.05	4.142	105.92261798588558	4	24.73	202.44647892182144	5.387299455467207
2	25.206	230.05	4.142	104.76615441905327	4	24.73	202.97782073372665	5.384631886366359
2	25.206	230.05	4.142	106.48438986007986	4	24.73	202.51968465406452	5.198991800355454
2	25.206	230.05	4.142	113.99535173623774	4	24.73	202.5559727985704	5.332037964710268
2	25.206	230.05	4.142	112.71868473731683	4	24.73	202.77567391641705	5.365096077851014
2	25.206	230.05	4.142	103.98944893995512	4	24.73	205.64842203858234	5.379803176584043
2	25.206	230.05	4.142	122.50560418912846	4	24.73	206.1722469615472	5.289579367826868
2	25.206	230.05	4.142	116.78886123567405	4	24.73	200.80252702263002	5.3395527206284985
2	25.206	230.05	4.142	107.63179508874225	4	24.73	200.30803613976755	5.286054410390452
2	25.206	230.05	4.142	107.86455595142785	4	24.73	204.02456846427495	5.46080450936603
2	25.206	230.05	4.142	119.20243379694836	4	24.73	202.90333130437034	5.43326604016989
2	25.206	230.05	4.142	102.33297388407678	4	24.73	204.5166335270949	5.340832135998437
2	25.206	230.05	4.142	116.31906681930563	4	24.73	203.05477700398208	5.429358580785656
2	25.206	230.05	4.142	106.65463676652632	4	24.73	204.9458334045993	5.3504727194121395
2	25.206	230.05	4.142	116.18708666379102	4	24.73	199.2411375131224	5.364425264905459
2	25.206	230.05	4.142	116.07386690908277	4	24.73	206.17025583704668	5.325891706765064
2	25.206	230.05	4.142	114.54955847816655	4	24.73	205.08323956141615	5.26534777464534
2	25.206	230.05	4.142	116.25169010187606	4	24.73	199.44038687078393	5.229761056683991
2	25.206	230.05	4.142	124.59076167148143	4	24.73	201.08673687673442	5.28972496257468
2	25.206	230.05	4.142	121.93163568346928	4	24.73	197.2545614024066	5.263965730534363
2	25.206	230.05	4.142	106.4215438915456	4	24.73	199.9979407114453	5.3936787652746325
2	25.206	230.05	4.142	116.54083276374567	4	24.73	200.9785102626667	5.378980815535079
2	25.206	230.05	4.142	116.85570535839321	4	24.73	203.38234721737328	5.297326431553735
2	25.206	230.05	4.142	116.67533806433931	4	24.73	202.15950638663307	5.317347017704287
2	25.206	230.05	4.142	127.19874780565239	4	24.73	204.4474398224321	5.289212784059781
2	25.206	230.05	4.142	121.00428196514319	4	24.73	206.14847473444632	5.262990959585972
2	25.206	230.05	4.142	118.95382646404728	4	24.73	202.22228152793343	5.231880421791195
2	25.206	230.05	4.142	101.01053545393665	4	24.73	204.63927431966584	5.31500076620936
2	25.206	230.05	4.142	110.28375864263535	4	24.73	202.69779522518868	5.369255470183854
2	25.206	230.05	4.142	112.79834852114465	4	24.73	200.62471164719798	5.385427125386495
2	25.206	230.05	4.142	109.94815489204167	4	24.73	206.754174405082	5.351480143043666
2	25.206	230.05	4.142	108.57297176507424	4	24.73	203.26953570657315	5.3979202167753435
2	25.206	230.05	4.142	115.62084699121336	4	24.73	203.69012001741075	5.252241440247867
2	25.206	230.05	4.142	107.13333829755145	4	24.73	201.13220125285687	5.233981627192326
2	25.206	230.05	4.142	109.99707965160135	4	24.73	205.04193987520338	5.420157197767251
2	25.206	230.05	4.142	119.50898202089695	4	24.73	200.43345652526202	5.2426634185676395
2	25.206	230.05	4.142	105.2762772218494	4	24.73	198.89946866181606	5.388926964853131
2	25.206	230.05	4.142	104.7819297131659	4	24.73	202.45755613574437	5.5378379347808755
2	25.206	230.05	4.142	112.48246864157889	4	24.73	204.03771094826052	5.161239941781814
2	25.206	230.05	4.142	95.68356150812814	4	24.73	202.85478556632822	5.342185776035923
2	25.206	230.05	4.142	115.58161908991285	4	24.73	204.1347992095583	5.213478329053953
2	25.206	230.05	4.142	119.92933275729514	4	24.73	200.34604734657313	5.511673053828818
2	25.206	230.05	4.142	119.16240436323918	4	24.73	204.40536721691754	5.409795387453219
2	25.206	230.05	4.142	96.81507577596147	4	24.73	199.72343574138657	5.283403334024565
2	25.206	230.05	4.142	115.48110072642761	4	24.73	202.44871867649871	5.407400068031207
2	25.206	230.05	4.142	112.44006298021948	4	24.73	201.22794354413944	5.445410241498357
2	25.206	230.05	4.142	106.69072046017808	4	24.73	205.01392545160286	5.322553008022124
2	25.206	230.05	4.142	116.444020351236	4	24.73	203.50516102622166	5.360497404508646
2	25.206	230.05	4.142	96.58506018655041	4	24.73	200.1187997625265	5.384153414403532
2	25.206	230.05	4.142	106.37283808837262	4	24.73	202.21887799713176	5.322910468055185
2	25.206	230.05	4.142	110.93927664591659	4	24.73	204.2027894869607	5.343065931652894
2	25.206	230.05	4.142	124.73630859461421	4	24.73	202.92416972859465	5.3325410336518315
2	25.206	230.05	4.142	117.96294179459973	4	24.73	200.93368208438037	5.264676890736875
2	25.206	230.05	4.142	112.23909798291798	4	24.73	202.0659018986568	5.3512641051911825
2	25.206	230.05	4.142	107.98476262579373	4	24.73	202.59816307657226	5.258229132886453
2	25.206	230.05	4.142	102.16767079539024	4	24.73	203.8967934978283	5.259271485636813
2	25.206	230.05	4.142	118.68388048449629	4	24.73	203.43787658981597	5.369355832016906
2	25.206	230.05	4.142	110.95858548070221	4	24.73	202.4394070112089	5.341812772163535
2	25.206	230.05	4.142	124.4942246098547	4	24.73	199.56707995753914	5.378266128278453
2	25.206	230.05	4.142	107.78581524737501	4	24.73	202.36587731264396	5.229065693105988
2	25.206	230.05	4.142	114.75924637848199	4	24.73	206.42238308802746	5.368955068761866
2	25.206	230.05	4.142	116.27057224819093	4	24.73	202.35166575228737	5.320912643195803
2	25.206	230.05	4.142	108.51527818710045	4	24.73	206.3288826727395	5.354404194941241
2	25.206	230.05	4.142	113.59525053472586	4	24.73	204.79687382273355	5.399008022019129
2	25.206	230.05	4.142	109.12330171589252	4	24.73	203.11096864592412	5.384531138213112
2	25.206	230.05	4.142	114.70819725799636	4	24.73	204.21352376051803	5.322284767763643
2	25.206	230.05	4.142	110.19827509087527	4	24.73	202.36238497969802	5.4788157606317975
2	25.206	230.05	4.142	117.16708627383761	4	24.73	205.54473223037675	5.444305446337494
2	25.206	230.05	4.142	122.3735815028944	4	24.73	203.84965278445884	5.233576798846115
2	25.206	230.05	4.142	103.76948944436776	4	24.73	202.7867327288024	5.263110943633488
2	25.206	230.05	4.142	119.6782922239465	4	24.73	202.27367539694706	5.289980565973383
2	25.206	230.05	4.142	105.61799159199296	4	24.73	203.40170723568042	5.328582207859858
2	25.206	230.05	4.142	117.57322055287602	4	24.73	203.84147454926867	5.185473833866618
2	25.206	230.05	4.142	108.51223590650244	4	24.73	202.35724776820217	5.392082482170126
2	25.206	230.05	4.142	112.62979957254053	4	24.73	207.46948548443845	5.240977338112852
2	25.206	230.05	4.142	105.31538142246445	4	24.73	203.03926396467634	5.324534617947657
2	25.206	230.05	4.142	104.3631720499323	4	24.73	201.83473106624461	5.353035073812455
2	25.206	230.05	4.142	100.74562529585077	4	24.73	201.97953646930435	5.351778812735269
2	25.206	230.05	4.142	107.78698251186918	4	24.73	200.6278036542757	5.421612153295839
2	25.206	230.05	4.142	110.10469782870457	4	24.73	206.05178608115128	5.235578347298402
2	25.206	230.05	4.142	112.58418200924893	4	24.73	204.9092768113986	5.356811074084707
2	25.206	230.05	4.142	128.54855563563692	4	24.73	203.89331037834162	5.216587736570977
2	25.206	230.05	4.142	124.50862821105241	4	24.73	202.50981026058912	5.472777758569027
2	25.206	230.05	4.142	104.5775671050347	4	24.73	202.00265637704274	5.111951403805411
2	25.206	230.05	4.142	105.59287932004847	4	24.73	201.18781864482918	5.245773700712831
2	25.206	230.05	4.142	120.96922811782649	4	24.73	204.13472514456762	5.347838847256795
2	25.206	230.05	4.142	114.8298652783361	4	24.73	207.13127482937028	5.429129337092435
2	25.206	230.05	4.142	120.32996310185828	4	24.73	199.7571961197643	5.4467141333977525
2	25.206	230.05	4.142	105.80296080706235	4	24.73	202.78338686080954	5.514958158045392
2	25.206	230.05	4.142	94.61895952954717	4	24.73	203.65484653397078	5.390401079432925
2	25.206	230.05	4.142	110.77885063281713	4	24.73	198.28812362871145	5.285229909035483
2	25.206	230.05	4.142	122.23324565799388	4	24.73	207.09000395703998	5.332569690084169
2	25.206	230.05	4.142	123.81029160337921	4	24.73	204.4171308729798	5.4770315290129306
2	25.206	230.05	4.142	111.92956353733832	4	24.73	207.3851980526819	5.4572756554525
2	25.206	230.05	4.142	103.50427226907406	4	24.73	205.57249976686853	5.435862485956505
2	25.206	230.05	4.142	97.17759900486823	4	24.73	202.70815172760783	5.319567969234938
2	25.206	230.05	4.142	104.82099611593905	4	24.73	201.37104557866553	5.377951789503014
2	25.206	230.05	4.142	95.5377431787542	4	24.73	200.80560197057918	5.2279094853864425
2	25.206	230.05	4.142	123.44536997459242	4	24.73	205.766983621348	5.330564385250918
2	25.206	230.05	4.142	120.63977183602078	4	24.73	202.07086606578838	5.251425740412726
2	25.206	230.05	4.142	107.71110798903574	4	24.73	204.535304950247	5.427379507061805
2	25.206	230.05	4.142	120.86129406582982	4	24.73	201.1779000259063	5.366741836342028
2	25.206	230.05	4.142	121.08061017552527	4	24.73	203.25600875692098	5.442375868823183
2	25.206	230.05	4.142	105.82542822317278	4	24.73	201.49283322350223	5.238583798428022
2	25.206	230.05	4.142	100.23740018673365	4	24.73	204.16831315086262	5.345866164186976
2	25.206	230.05	4.142	109.08196878923215	4	24.73	198.7641843569665	5.349494899618823
2	25.206	230.05	4.142	115.38626375291254	4	24.73	200.11230374434982	5.43067079217497
2	25.206	230.05	4.142	120.70458439475405	4	24.73	203.6641958718676	5.3777989207295
2	25.206	230.05	4.142	115.00768335477977	4	24.73	199.35165134246392	5.3452008359803065
2	25.206	230.05	4.142	111.57600358264752	4	24.73	201.14966534964972	5.331474869827361
2	25.206	230.05	4.142	121.80016751649725	4	24.73	204.4020612273431	5.334163659544606
2	25.206	230.05	4.142	109.06970807076574	4	24.73	200.34259628557643	5.378377945209644
2	25.206	230.05	4.142	118.12860658799207	4	24.73	201.94793896946095	5.3322320166520685
2	25.206	230.05	4.142	116.2665515353983	4	24.73	200.4686012215246	5.1935994087229425
2	25.206	230.05	4.142	104.90017644633332	4	24.73	202.6395111326369	5.368761473187788
2	25.206	230.05	4.142	106.56912999805002	4	24.73	200.6115602022187	5.364207979553934
2	25.206	230.05	4.142	115.21923285016886	4	24.73	203.2915619268073	5.292731568196439
2	25.206	230.05	4.142	115.91575412397249	4	24.73	203.04775421213716	5.409737987222144
2	25.206	230.05	4.142	116.32238072689111	4	24.73	203.5924012172117	5.269962022012356
2	25.206	230.05	4.142	101.50937345510775	4	24.73	203.99785721759338	5.406286840123957
2	25.206	230.05	4.142	115.59103557865072	4	24.73	201.8763782815368	5.318635672467101
2	25.206	230.05	4.142	108.37238825377386	4	24.73	206.17988147576534	5.322432512023642
2	25.206	230.05	4.142	110.27812652547284	4	24.73	201.14735285724709	5.314698894787502
2	25.206	230.05	4.142	123.47993496648938	4	24.73	204.22162240571674	5.331570809491818
2	25.206	230.05	4.142	119.3542987218225	4	24.73	200.97065202976765	5.372223948983596
2	25.206	230.05	4.142	109.72120173028948	4	24.73	202.44165435673216	5.367168609147321
2	25.206	230.05	4.142	122.79642189094939	4	24.73	202.74886238923165	5.305307640784659
2	25.206	230.05	4.142	129.1488489386726	4	24.73	207.23337069070823	5.374191711890813
2	25.206	230.05	4.142	99.3783300337821	4	24.73	202.56260431829216	5.321504298731538
2	25.206	230.05	4.142	102.2479159381839	4	24.73	206.38155820438686	5.24936086351451
2	25.206	230.05	4.142	122.166228897171	4	24.73	201.5256354768838	5.3896098181315715
2	25.206	230.05	4.142	117.27693953919092	4	24.73	201.5420105828835	5.325011104277054
2	25.206	230.05	4.142	112.50065284613966	4	24.73	206.23054391895187	5.232387413201548
2	25.206	230.05	4.142	108.78122719752031	4	24.73	202.286072755537	5.311334597095017
2	25.206	230.05	4.142	103.53915818432625	4	24.73	206.05684678942632	5.27797815897967
2	25.206	230.05	4.142	118.65568220725879	4	24.73	203.17529008013423	5.3539430907098815
2	25.206	230.05	4.142	115.5468864820404	4	24.73	203.28039198136025	5.3408510393947015
2	25.206	230.05	4.142	113.15004868348987	4	24.73	203.97907379026853	5.309182788289539
2	25.206	230.05	4.142	106.86623590188475	4	24.73	203.73682493276033	5.465266964821426
2	25.206	230.05	4.142	108.88205610576739	4	24.73	205.63005765274676	5.435201759176489
2	25.206	230.05	4.142	105.4192377155014	4	24.73	202.6108573816727	5.414032626077786
2	25.206	230.05	4.142	117.27259629862431	4	24.73	202.36536855536156	5.458029811755928
2	25.206	230.05	4.142	112.82586074657966	4	24.73	200.28778717923404	5.39764281624345
2	25.206	230.05	4.142	110.80536891295695	4	24.73	195.81214100474034	5.180248811525355
2	25.206	230.05	4.142	115.78065447235447	4	24.73	202.16655355147935	5.357302891330553
2	25.206	230.05	4.142	105.25910120648828	4	24.73	204.51724212753777	5.284345296309945
2	25.206	230.05	4.142	107.30096099326178	4	24.73	202.00961813411269	5.323793275576771
2	25.206	230.05	4.142	128.81551225869626	4	24.73	203.7280067150112	5.188300536019851
2	25.206	230.05	4.142	111.27056536996876	4	24.73	202.62260903185413	5.3397447679420615
2	25.206	230.05	4.142	117.7139036636932	4	24.73	200.17775271977484	5.352604659513275
2	25.206	230.05	4.142	117.32380378154289	4	24.73	204.80859066980753	5.2945666533056155
2	25.206	230.05	4.142	115.51808817598511	4	24.73	204.62550214592864	5.441816000180082
2	25.206	230.05	4.142	100.507339851703	4	24.73	202.96111931209404	5.208490433876488
2	25.206	230.05	4.142	104.21158714659074	4	24.73	201.90974311965124	5.447445337185309
2	25.206	230.05	4.142	122.63896330502742	4	24.73	203.1208178583695	5.326278589349111
2	25.206	230.05	4.142	120.49472896406701	4	24.73	200.93144017301344	5.30584935323692
2	25.206	230.05	4.142	97.56460924298338	4	24.73	203.32152555855276	5.408544560898491
2	25.206	230.05	4.142	106.06541897018715	4	24.73	201.16437928716243	5.44832861976809
2	25.206	230.05	4.142	116.14842481829055	4	24.73	204.784473871583	5.496951296447879
2	25.206	230.05	4.142	111.13672172586058	4	24.73	202.35170201303873	5.363011031307598
2	25.206	230.05	4.142	106.754868084053	4	24.73	206.16917220407743	5.364198826583951
2	25.206	230.05	4.142	122.32299596032095	4	24.73	205.49309297635915	5.3833413096104445
2	25.206	230.05	4.142	102.18819173775076	4	24.73	202.21883380921716	5.492353440211377
2	25.206	230.05	4.142	110.12924321311823	4	24.73	202.61803512297809	5.462461963521223
2	25.206	230.05	4.142	115.48634736193368	4	24.73	204.539478241805	5.358524062297872
2	25.206	230.05	4.142	94.57032571320626	4	24.73	204.01424353316096	5.455978775829345
2	25.206	230.05	4.142	113.27417619475315	4	24.73	206.58932903718696	5.372058969828001
2	25.206	230.05	4.142	107.67925673165267	4	24.73	208.53106432722635	5.241959650835373
2	25.206	230.05	4.142	98.0882152899946	4	24.73	201.71521932218724	5.27575769325446
2	25.206	230.05	4.142	123.97881451814592	4	24.73	204.43869843866582	5.368687828515381
2	25.206	230.05	4.142	119.05348093448953	4	24.73	204.5318523190975	5.35987236794828
2	25.206	230.05	4.142	107.83612828452566	4	24.73	203.42013586304066	5.563692492132504
2	25.206	230.05	4.142	112.40644916784522	4	24.73	200.7003351995454	5.314928291522194
2	25.206	230.05	4.142	111.04714543471593	4	24.73	206.1072054279256	5.249863100737345
2	25.206	230.05	4.142	98.73614186365562	4	24.73	206.6499517751572	5.488818515653907
2	25.206	230.05	4.142	119.01214007339212	4	24.73	204.22494885689395	5.2633683752970155
2	25.206	230.05	4.142	113.39288504429766	4	24.73	205.03542481989618	5.4628710210149505
2	25.206	230.05	4.142	95.90551267877753	4	24.73	203.51561078114318	5.251095404678009
2	25.206	230.05	4.142	100.50390085785682	4	24.73	201.46317285763666	5.398698601473122
2	25.206	230.05	4.142	114.55627960903315	4	24.73	202.72807685132656	5.377928591964428
2	25.206	230.05	4.142	112.77879863708257	4	24.73	202.98680145134512	5.315675431061309
2	25.206	230.05	4.142	107.78778005304265	4	24.73	203.07117319321605	5.233542686688379
2	25.206	230.05	4.142	120.19948142995605	4	24.73	205.33986021587862	5.2943285351965965
2	25.206	230.05	4.142	105.94182219024101	4	24.73	203.17923937323715	5.168226287916759
2	25.206	230.05	4.142	132.60518289713733	4	24.73	203.87062186111868	5.275144102193095
2	25.206	230.05	4.142	109.17480540627493	4	24.73	206.49091826070776	5.174667262447181
2	25.206	230.05	4.142	127.74742652675508	4	24.73	200.21573627450775	5.369656647606147
2	25.206	230.05	4.142	112.28624754101811	4	24.73	204.7847629783326	5.42319517921642
2	25.206	230.05	4.142	107.87694802153412	4	24.73	202.92109500613836	5.526877695745613
2	25.206	230.05	4.142	113.9703173126526	4	24.73	201.20542613117388	5.310677078066524
2	25.206	230.05	4.142	111.57045840111793	4	24.73	205.96341747380603	5.380102104856773
2	25.206	230.05	4.142	113.83037583241965	4	24.73	201.8672448325583	5.141291331384551
2	25.206	230.05	4.142	124.61034613714034	4	24.73	207.36740037110147	5.4101865950598915
2	25.206	230.05	4.142	115.50818673122626	4	24.73	202.25716505920278	5.363084639582021
2	25.206	230.05	4.142	116.27822302628812	4	24.73	203.10054996713112	5.333185588309952
2	25.206	230.05	4.142	107.09009619436539	4	24.73	200.65655697119973	5.453770790937533
2	25.206	230.05	4.142	112.63412868344213	4	24.73	204.12092068730996	5.405385865286664
2	25.206	230.05	4.142	101.55561874101265	4	24.73	207.38620805263264	5.291177848179179
2	25.206	230.05	4.142	124.16487021247174	4	24.73	206.86520764266754	5.395837229642618
2	25.206	230.05	4.142	110.51913195340826	4	24.73	203.368265490945	5.320866900863932
2	25.206	230.05	4.142	113.60667989319478	4	24.73	203.4108261267108	5.2913174694226
2	25.206	230.05	4.142	101.7775594727122	4	24.73	201.84004485273758	5.354596946629322
2	25.206	230.05	4.142	119.31562791588635	4	24.73	205.23446929773803	5.252756709808363
2	25.206	230.05	4.142	94.79599629190703	4	24.73	199.96611145686344	5.430490648899695
2	25.206	230.05	4.142	109.97839597672812	4	24.73	200.42658848465473	5.442966337457715
2	25.206	230.05	4.142	105.44503103793659	4	24.73	202.11777490254687	5.4669631993021595
2	25.206	230.05	4.142	98.05894626275072	4	24.73	201.12625196991215	5.44169672762719
2	25.206	230.05	4.142	132.7633697811729	4	24.73	202.0018301552242	5.374973157528264
2	25.206	230.05	4.142	99.746008098384	4	24.73	203.44015188941265	5.284273992905243
2	25.206	230.05	4.142	119.85937575544041	4	24.73	205.92299145310196	5.397630247439764
2	25.206	230.05	4.142	113.36111514497017	4	24.73	203.88199577270038	5.285159976964494
2	25.206	230.05	4.142	101.263852220431	4	24.73	200.47094482714104	5.277079462565047
2	25.206	230.05	4.142	99.55500192577941	4	24.73	200.51110766508407	5.393315773122409
2	25.206	230.05	4.142	119.06067151838907	4	24.73	206.0737190760504	5.494432772643653
2	25.206	230.05	4.142	104.25277966140744	4	24.73	204.24699594832305	5.345094623744034
2	25.206	230.05	4.142	113.2455403407182	4	24.73	203.87073257194155	5.505343584721007
2	25.206	230.05	4.142	110.40355590406999	4	24.73	205.63947572636923	5.567759167972353
2	25.206	230.05	4.142	105.58401581992885	4	24.73	200.33815518080672	5.2566237576607495
2	25.206	230.05	4.142	110.15816911330401	4	24.73	200.7156285158627	5.337582956466886
2	25.206	230.05	4.142	123.08672551530825	4	24.73	203.11185149292422	5.22390789816145
2	25.206	230.05	4.142	96.26725370411135	4	24.73	202.4469384905346	5.254928894212804
2	25.206	230.05	4.142	101.72099687402718	4	24.73	201.38651763882936	5.483306468994752
2	25.206	230.05	4.142	113.66840481338446	4	24.73	202.47343908105174	5.4767021910012845
2	25.206	230.05	4.142	117.41187864060329	4	24.73	204.28699327288325	5.397933214601338
2	25.206	230.05	4.142	116.75398072634465	4	24.73	201.11691438194632	5.410024960441053
2	25.206	230.05	4.142	112.33474473552387	4	24.73	203.87919990883344	5.5683795513586185
2	25.206	230.05	4.142	122.26706548309645	4	24.73	202.06947488675604	5.432397865816344
2	25.206	230.05	4.142	104.67636235127215	4	24.73	202.44988469822545	5.288460489561338
2	25.206	230.05	4.142	109.61491192419821	4	24.73	205.1692243158818	5.3505551400414255
2	25.206	230.05	4.142	113.43722009574718	4	24.73	204.33494405256755	5.361646245952064
2	25.206	230.05	4.142	116.18419920499585	4	24.73	201.5281134198341	5.30726895016155
2	25.206	230.05	4.142	116.31876179804763	4	24.73	202.24633860777035	5.304822897149985
2	25.206	230.05	4.142	109.16902166468945	4	24.73	200.68979359628483	5.31068082051872
2	25.206	230.05	4.142	121.44012218870586	4	24.73	204.40675836380822	5.3035559024823975
2	25.206	230.05	4.142	110.30976638894388	4	24.73	202.88589040037436	5.302953740524434
2	25.206	230.05	4.142	117.8347968874968	4	24.73	207.79031722053915	5.304997001625855
2	25.206	230.05	4.142	110.52574259126649	4	24.73	203.21616605574934	5.397189221792816
2	25.206	230.05	4.142	113.24815077199835	4	24.73	204.93064152672218	5.322652714534308
2	25.206	230.05	4.142	102.47283870425738	4	24.73	205.88937605830623	5.374676772126911
2	25.206	230.05	4.142	99.545493487589	4	24.73	204.20326541908724	5.324735311905049
2	25.206	230.05	4.142	118.91867370325937	4	24.73	203.7061052303686	5.335957398896391
2	25.206	230.05	4.142	131.3706126114004	4	24.73	205.62783142413502	5.3796072344714805
2	25.206	230.05	4.142	114.88939177566783	4	24.73	203.08565660294857	5.396781958922923
2	25.206	230.05	4.142	99.24391582031565	4	24.73	202.269606608822	5.448400159873578
2	25.206	230.05	4.142	107.43682035012442	4	24.73	205.12881853979735	5.586874388292619
2	25.206	230.05	4.142	107.67446379799424	4	24.73	202.01379119896563	5.2995049096666005
2	25.206	230.05	4.142	99.74873426549141	4	24.73	202.97544662881887	5.219050599974607
2	25.206	230.05	4.142	115.47558450515244	4	24.73	202.71994025504844	5.253524838933275
2	25.206	230.05	4.142	109.89579432974084	4	24.73	204.5799644388782	5.389498733174275
2	25.206	230.05	4.142	117.95473027148432	4	24.73	199.98386755730598	5.260164831428619
2	25.206	230.05	4.142	103.1046916455793	4	24.73	206.58251029880498	5.471067091148604
2	25.206	230.05	4.142	124.18869661473603	4	24.73	204.36365957728674	5.266149843810449
2	25.206	230.05	4.142	110.88551217259165	4	24.73	203.2842875858198	5.501482649902742
2	25.206	230.05	4.142	123.03337505966917	4	24.73	204.300372470847	5.330228517739005
2	25.206	230.05	4.142	108.93987359586345	4	24.73	202.2064563636494	5.3153155286841685
2	25.206	230.05	4.142	112.04609128054048	4	24.73	205.42722884492497	5.347024739964816
2	25.206	230.05	4.142	101.52507958107896	4	24.73	203.3426419346881	5.35583691110946
2	25.206	230.05	4.142	119.61994913964199	4	24.73	200.02832122978828	5.488496865726654
2	25.206	230.05	4.142	115.10932887685831	4	24.73	204.15123196700713	5.354504813286677
2	25.206	230.05	4.142	120.37896865743117	4	24.73	202.15316839885162	5.336085095466917
2	25.206	230.05	4.142	104.99300610393695	4	24.73	202.87831639049165	5.343485845265844
2	25.206	230.05	4.142	103.97828419881586	4	24.73	203.05919112555293	5.315007414071071
2	25.206	230.05	4.142	117.2179278462699	4	24.73	206.64001148644928	5.312429575567373
2	25.206	230.05	4.142	119.78641479159978	4	24.73	200.83510646360685	5.348283917580233
2	25.206	230.05	4.142	89.0912682344347	4	24.73	203.23792591347967	5.341066154258766
2	25.206	230.05	4.142	114.10804850047931	4	24.73	203.1134964828512	5.2664349619456505
2	25.206	230.05	4.142	112.41600804353963	4	24.73	203.9368447360687	5.48324193074363
2	25.206	230.05	4.142	111.77083352115373	4	24.73	202.63340921727556	5.347242694252868
2	25.206	230.05	4.142	113.25645434001757	4	24.73	204.97988684956707	5.263051522464439
2	25.206	230.05	4.142	100.98137498493683	4	24.73	201.5865838692176	5.232763346801967
2	25.206	230.05	4.142	102.3366023170046	4	24.73	203.34291689934955	5.396743979836423
2	25.206	230.05	4.142	117.35121968424652	4	24.73	202.23683727019701	5.2617985067362385
2	25.206	230.05	4.142	123.84251212018009	4	24.73	207.13721516931216	5.3533721387714435
2	25.206	230.05	4.142	98.41359276567269	4	24.73	204.75871401770772	5.274938005133551
2	25.206	230.05	4.142	120.51148767495788	4	24.73	202.09171996957758	5.321298490062574
2	25.206	230.05	4.142	108.5981222288188	4	24.73	200.274306550983	5.457796090878839
2	25.206	230.05	4.142	110.56641065837734	4	24.73	203.9453962403707	5.315304618974399
2	25.206	230.05	4.142	126.27693571292033	4	24.73	201.16513349091898	5.351322681989398
2	25.206	230.05	4.142	114.02418354760447	4	24.73	205.13501852253373	5.430561260568845
2	25.206	230.05	4.142	114.67922828535062	4	24.73	206.8372141913657	5.343787424044612
2	25.206	230.05	4.142	102.83782394786387	4	24.73	203.0150484287124	5.252720437859588
2	25.206	230.05	4.142	112.13601453091843	4	24.73	203.64140369354402	5.189893362319578
2	25.206	230.05	4.142	113.50062160617702	4	24.73	200.9144567556321	5.344927310017893
2	25.206	230.05	4.142	115.09550783394224	4	24.73	201.67235252012023	5.4045701499717325
2	25.206	230.05	4.142	116.00930337416555	4	24.73	205.80721397825138	5.286346165383108
2	25.206	230.05	4.142	125.30499824959475	4	24.73	201.6530637125742	5.143104917719699
2	25.206	230.05	4.142	111.02970554558928	4	24.73	204.2790391220816	5.326643988638133
2	25.206	230.05	4.142	120.8631003910975	4	24.73	203.36685214005524	5.138318679538492
2	25.206	230.05	4.142	112.1496115331527	4	24.73	201.09738998436814	5.385763636868512
2	25.206	230.05	4.142	123.8947231509892	4	24.73	203.9635407312477	5.278423426576059
2	25.206	230.05	4.142	101.53861716064331	4	24.73	203.82391872021793	5.315376736991466
2	25.206	230.05	4.142	99.4830573835246	4	24.73	201.2855041197876	5.311729721385384
2	25.206	230.05	4.142	108.6692964744428	4	24.73	202.9886189123174	5.253543456091017
2	25.206	230.05	4.142	109.54388108710609	4	24.73	203.8595555928311	5.373680859683362
2	25.206	230.05	4.142	104.66170682529251	4	24.73	205.60811011253637	5.254097706154605
2	25.206	230.05	4.142	120.35726669082737	4	24.73	204.36323879427826	5.406834536140236
2	25.206	230.05	4.142	107.23693387084751	4	24.73	204.9503653364087	5.609069128433226
2	25.206	230.05	4.142	114.86292125415058	4	24.73	201.5775547642618	5.460785281491425
2	25.206	230.05	4.142	120.08412488641318	4	24.73	202.17903977568753	5.428849179356502
2	25.206	230.05	4.142	113.5555052176979	4	24.73	204.1590945057131	5.330458637529476
2	25.206	230.05	4.142	115.29265823987859	4	24.73	205.52590749471878	5.366774923066839
2	25.206	230.05	4.142	114.5839351421665	4	24.73	202.8833445686134	5.268385396927052
2	25.206	230.05	4.142	102.4943123616794	4	24.73	208.3375949605215	5.295225290228046
2	25.206	230.05	4.142	118.55829922791716	4	24.73	202.0770303813124	5.408357917609744
2	25.206	230.05	4.142	103.96533247217644	4	24.73	203.4560892476118	5.218589719517875
2	25.206	230.05	4.142	109.50555383933055	4	24.73	203.55300639124482	5.279953034108671
2	25.206	230.05	4.142	104.5811528695795	4	24.73	205.06292031686476	5.268921134527841
2	25.206	230.05	4.142	103.07056151930145	4	24.73	204.49025381840528	5.361245184012736
2	25.206	230.05	4.142	115.94883939639791	4	24.73	203.41516329318782	5.298536428055245
2	25.206	230.05	4.142	112.7333373514714	4	24.73	200.38315893321666	5.426594610952211
2	25.206	230.05	4.142	113.72085588977647	4	24.73	199.85205396728355	5.26053559236829
2	25.206	230.05	4.142	122.93639463357161	4	24.73	203.74292419698335	5.356282082915008
2	25.206	230.05	4.142	111.53082352598341	4	24.73	205.73458019177278	5.428067082621833
2	25.206	230.05	4.142	103.31654819373946	4	24.73	205.56027134476716	5.462823501853235
2	25.206	230.05	4.142	99.92288939262419	4	24.73	202.44276079556184	5.290910543809495
2	25.206	230.05	4.142	109.26048092265395	4	24.73	204.58559749144942	5.292598267714847
2	25.206	230.05	4.142	117.16013422647403	4	24.73	203.36542502428793	5.2737308331264545
2	25.206	230.05	4.142	119.07846720230556	4	24.73	203.06828240462036	5.253964063532841
2	25.206	230.05	4.142	111.84311905106213	4	24.73	201.32885181298505	5.16371545368648
2	25.206	230.05	4.142	85.91112555998829	4	24.73	203.91473446038012	5.423480385722384
2	25.206	230.05	4.142	120.21292783637624	4	24.73	204.11038496311915	5.3533558521992335
2	25.206	230.05	4.142	118.1736235561565	4	24.73	202.01852886493975	5.419023735702097
2	25.206	230.05	4.142	117.20553520796929	4	24.73	202.61380008399422	5.262028572827507
2	25.206	230.05	4.142	94.58036677545805	4	24.73	197.22789468458743	5.249328354795114
2	25.206	230.05	4.142	97.4696640038131	4	24.73	203.30490359368218	5.368746627637272
2	25.206	230.05	4.142	117.57836465869094	4	24.73	201.74868633486702	5.316292893131773
2	25.206	230.05	4.142	100.43567725838538	4	24.73	202.03822019601486	5.303319532670153
2	25.206	230.05	4.142	118.72527719275308	4	24.73	204.90808188144382	5.386492960315711
2	25.206	230.05	4.142	107.09924167629813	4	24.73	200.84773205614118	5.297617775598913
2	25.206	230.05	4.142	114.59387445920758	4	24.73	203.24407878028964	5.457206083024999
2	25.206	230.05	4.142	116.03435603793656	4	24.73	203.70607903846346	5.443674019873403
2	25.206	230.05	4.142	107.52231891011374	4	24.73	202.8161357819924	5.27207295107611
2	25.206	230.05	4.142	107.01582658286534	4	24.73	200.82000288583197	5.306564995045375
2	25.206	230.05	4.142	109.01530126438713	4	24.73	203.57121176630773	5.311676722243932
2	25.206	230.05	4.142	96.87652696770732	4	24.73	207.40401560114722	5.328621797363224
2	25.206	230.05	4.142	107.26051956585734	4	24.73	203.35406664053897	5.396209701994877
2	25.206	230.05	4.142	124.62822107612388	4	24.73	201.50561416177118	5.258928406132958
2	25.206	230.05	4.142	111.52758866646793	4	24.73	203.18650447313036	5.348991565404838
2	25.206	230.05	4.142	102.9133776103597	4	24.73	201.81310854959253	5.481946385295183
2	25.206	230.05	4.142	122.75805288737824	4	24.73	203.82829950566807	5.317706559485845
2	25.206	230.05	4.142	115.68729941281843	4	24.73	200.66418274053004	5.407320587408353
2	25.206	230.05	4.142	106.97578412790492	4	24.73	201.86783730294604	5.2503311379133315
2	25.206	230.05	4.142	106.44734697489545	4	24.73	206.42353285873176	5.340609423860449
2	25.206	230.05	4.142	111.24165348940892	4	24.73	200.495254445719	5.384550768038191
2	25.206	230.05	4.142	120.0542601005621	4	24.73	206.01444787435142	5.364557312954258
2	25.206	230.05	4.142	119.89322128922973	4	24.73	199.61703909591145	5.305463640630343
2	25.206	230.05	4.142	105.8149402494906	4	24.73	201.85265459014906	5.409272852317304
2	25.206	230.05	4.142	112.17368099196507	4	24.73	200.61050572328602	5.4766050322944535
2	25.206	230.05	4.142	120.84968838404077	4	24.73	207.10647738814936	5.290516893783616
2	25.206	230.05	4.142	120.12356209637582	4	24.73	200.93840443656003	5.2004913679619955
2	25.206	230.05	4.142	93.99473882467129	4	24.73	203.12285451021796	5.349678433558599
2	25.206	230.05	4.142	108.46857526399818	4	24.73	206.1638073931735	5.475792737488634
2	25.206	230.05	4.142	119.72676422520824	4	24.73	202.87283864250833	5.3660984328735815
2	25.206	230.05	4.142	124.1830855795867	4	24.73	202.1870315812734	5.417751167807852
2	25.206	230.05	4.142	116.87233995665844	4	24.73	201.81126529906828	5.149453236562447
2	25.206	230.05	4.142	105.4531702825909	4	24.73	201.2164660114445	5.237310635170401
2	25.206	230.05	4.142	126.05948516179458	4	24.73	208.8923973762364	5.375445636924977
2	25.206	230.05	4.142	126.83652355468494	4	24.73	203.91098521309416	5.492857621624465
2	25.206	230.05	4.142	115.49403672660152	4	24.73	201.52358433491125	5.565545847065799
2	25.206	230.05	4.142	130.3837595657115	4	24.73	199.83604093858335	5.252461507175379
2	25.206	230.05	4.142	108.14811961926176	4	24.73	204.00446853303762	5.380019759210148
2	25.206	230.05	4.142	121.53253882240797	4	24.73	201.30428958216726	5.444351463809235
2	25.206	230.05	4.142	114.87168116204148	4	24.73	206.24440461410623	5.4143995601379915
2	25.206	230.05	4.142	126.51465217519367	4	24.73	206.2162862187913	5.287268339667237
2	25.206	230.05	4.142	105.89931089098755	4	24.73	201.997187851027	5.307429273679328
2	25.206	230.05	4.142	107.12317790942866	4	24.73	201.79948851357676	5.420011663890506
2	25.206	230.05	4.142	113.53254550490585	4	24.73	206.54629355804488	5.429651783173674
2	25.206	230.05	4.142	97.82105847277869	4	24.73	202.97787868995127	5.176759432472504
2	25.206	230.05	4.142	108.8342925848079	4	24.73	206.06957545793622	5.2908827253326285
2	25.206	230.05	4.142	95.44846478753922	4	24.73	200.0634029937825	5.3518323690007685
2	25.206	230.05	4.142	117.6424272298978	4	24.73	202.9194331847018	5.247856878004745
2	25.206	230.05	4.142	113.3897820601447	4	24.73	203.09048469821036	5.286468003073539
2	25.206	230.05	4.142	115.20230733315167	4	24.73	204.91034155490667	5.3770468388790365
2	25.206	230.05	4.142	104.7466981528718	4	24.73	204.03633693097763	5.447951597853751
2	25.206	230.05	4.142	109.98721607599532	4	24.73	206.10832325134547	5.415976504918413
2	25.206	230.05	4.142	102.53412497748685	4	24.73	203.86702894731107	5.480123325036135
2	25.206	230.05	4.142	105.6640457455252	4	24.73	203.4253165814473	5.257913982552789
2	25.206	230.05	4.142	112.24414833297242	4	24.73	202.01160537479078	5.387227103169629
2	25.206	230.05	4.142	116.49601333987232	4	24.73	202.21948815438333	5.347033587243459
2	25.206	230.05	4.142	115.99253688872747	4	24.73	199.15496482799816	5.494190769043038
2	25.206	230.05	4.142	113.06328488165295	4	24.73	202.17338603240168	5.321200752036672
2	25.206	230.05	4.142	112.62398075583786	4	24.73	205.6271217680987	5.405001117749731
2	25.206	230.05	4.142	112.40223265723414	4	24.73	203.32476648108855	5.40906065765217
2	25.206	230.05	4.142	106.01708922677287	4	24.73	199.8130808032328	5.391065671365012
2	25.206	230.05	4.142	102.58043910612369	4	24.73	202.28805216980928	5.411147810122708
2	25.206	230.05	4.142	116.83960234956717	4	24.73	203.52120527396508	5.228938959163395
2	25.206	230.05	4.142	110.55962750432195	4	24.73	202.62082149834558	5.288474575864845
2	25.206	230.05	4.142	110.15686729889848	4	24.73	202.94602627372942	5.253321864606947
2	25.206	230.05	4.142	115.76228095610861	4	24.73	202.0016311856901	5.5930037813260665
2	25.206	230.05	4.142	119.80363737218956	4	24.73	203.74514069949313	5.264515352000548
2	25.206	230.05	4.142	107.26219022125197	4	24.73	203.7751632660699	5.164942074194725
2	25.206	230.05	4.142	117.8820411450855	4	24.73	204.9897331333717	5.425684732409396
2	25.206	230.05	4.142	96.3770507216586	4	24.73	201.42722711935815	5.441789980979478
2	25.206	230.05	4.142	111.75693799159662	4	24.73	203.4980014640049	5.363293671199759
2	25.206	230.05	4.142	116.45646210971755	4	24.73	201.02994832526903	5.2627291798024745
2	25.206	230.05	4.142	118.90910139808697	4	24.73	202.6881503372869	5.139677824277432
2	25.206	230.05	4.142	106.1591878862371	4	24.73	202.46459602539738	5.357441805303305
2	25.206	230.05	4.142	122.388780135132	4	24.73	203.70385241446075	5.392054139997265
2	25.206	230.05	4.142	107.74978044134953	4	24.73	201.7890297608986	5.317539177793518
2	25.206	230.05	4.142	123.19226875001692	4	24.73	203.30832707806042	5.604294295539153
2	25.206	230.05	4.142	120.41815222286786	4	24.73	200.84042338630022	5.311717327435133
2	25.206	230.05	4.142	119.17223205899883	4	24.73	206.37118129476266	5.340315103420435
2	25.206	230.05	4.142	112.4984153239558	4	24.73	202.76537450975488	5.30341419375399
2	25.206	230.05	4.142	107.91951163099873	4	24.73	201.01718679443618	5.463615016546812
2	25.206	230.05	4.142	121.51912540475672	4	24.73	204.45921500311115	5.3936730953128835
2	25.206	230.05	4.142	115.77273624432425	4	24.73	203.91345751196218	5.230924489766521
2	25.206	230.05	4.142	117.36532077006322	4	24.73	201.07757856366695	5.392276984206605
2	25.206	230.05	4.142	114.04509349652359	4	24.73	202.2573892640115	5.363243070630017
2	25.206	230.05	4.142	128.972808383148	4	24.73	206.15999559606882	5.415836257556068
2	25.206	230.05	4.142	109.68096009156318	4	24.73	200.75140430428692	5.341544322172462
2	25.206	230.05	4.142	112.08002895613903	4	24.73	205.50012499478802	5.455934725455964
2	25.206	230.05	4.142	115.88723584621539	4	24.73	204.29335055502622	5.362564222745959
2	25.206	230.05	4.142	116.99255394726659	4	24.73	205.51504501401647	5.526920595230856
2	25.206	230.05	4.142	112.82126762676037	4	24.73	203.12722302594784	5.446948196049093
2	25.206	230.05	4.142	105.68789248006331	4	24.73	204.39293248442212	5.333001387432445
2	25.206	230.05	4.142	122.42098136601612	4	24.73	204.01226330897447	5.365881859618118
2	25.206	230.05	4.142	120.3880990788964	4	24.73	202.7983242266372	5.4235351030294945
2	25.206	230.05	4.142	126.05829031193934	4	24.73	205.66854713552513	5.526723060891614
2	25.206	230.05	4.142	124.90218929335033	4	24.73	203.6576406992183	5.074566785810987
2	25.206	230.05	4.142	121.15603894699177	4	24.73	200.7260696081189	5.456203077960939
2	25.206	230.05	4.142	105.25147571094288	4	24.73	200.67974178839557	5.471510878812602
2	25.206	230.05	4.142	118.33997347003991	4	24.73	204.50137053733422	5.309304437956252
2	25.206	230.05	4.142	107.33887405222191	4	24.73	202.7973963815963	5.35636543267712
2	25.206	230.05	4.142	116.06257911702723	4	24.73	202.7139397741658	5.350219342178502
2	25.206	230.05	4.142	105.97808288887799	4	24.73	206.12664473276533	5.196356482983143
2	25.206	230.05	4.142	115.38034403736606	4	24.73	202.77054617412875	5.287017930669121
2	25.206	230.05	4.142	113.28380157955588	4	24.73	201.47288271904827	5.378402953017572
2	25.206	230.05	4.142	107.53681498901136	4	24.73	202.00614477322597	5.402554321368473
2	25.206	230.05	4.142	127.14279064154407	4	24.73	203.32237440047155	5.400084047479708
2	25.206	230.05	4.142	122.82319546408159	4	24.73	201.43470036457592	5.475102234303005
2	25.206	230.05	4.142	104.89523333116887	4	24.73	201.07607346954597	5.306062746721685
2	25.206	230.05	4.142	105.20336377868172	4	24.73	201.85703087074046	5.445630585653156
2	25.206	230.05	4.142	115.26410147956558	4	24.73	203.99642141348312	5.180558567880637
2	25.206	230.05	4.142	117.69676946606694	4	24.73	204.7370102675603	5.296755885250086
2	25.206	230.05	4.142	108.96119274348644	4	24.73	203.62607723113265	5.33798454570026
2	25.206	230.05	4.142	118.60603147156245	4	24.73	202.03534289442274	5.402566152289521
2	25.206	230.05	4.142	112.56297676796466	4	24.73	198.17460438263652	5.267375376312414
2	25.206	230.05	4.142	102.8167627178992	4	24.73	201.2576811401253	5.315753980019974
2	25.206	230.05	4.142	111.72514315916146	4	24.73	206.2015007310447	5.487982331390339
2	25.206	230.05	4.142	119.35060207422535	4	24.73	200.4356209945092	5.162006331618582
2	25.206	230.05	4.142	98.52572122054323	4	24.73	201.71050187184284	5.409941222073416
2	25.206	230.05	4.142	109.26043190855454	4	24.73	207.03565720492603	5.380965411958194
2	25.206	230.05	4.142	122.28396825894491	4	24.73	206.30690645325214	5.353735010985143
2	25.206	230.05	4.142	116.33172702383017	4	24.73	202.86962051774412	5.493266879112774
2	25.206	230.05	4.142	102.56160784728718	4	24.73	203.5162502230787	5.304738666741108
2	25.206	230.05	4.142	99.29113723390407	4	24.73	205.24140351519884	5.308488762410768
2	25.206	230.05	4.142	123.81229570032919	4	24.73	202.1072357542551	5.415849266211661
2	25.206	230.05	4.142	103.16959116067746	4	24.73	205.3233104909277	5.342957780449633
2	25.206	230.05	4.142	116.29856399985194	4	24.73	203.75996335308736	5.286597467943088
2	25.206	230.05	4.142	125.56394704954396	4	24.73	201.59957128237602	5.212335307760522
2	25.206	230.05	4.142	129.0702867943508	4	24.73	201.26196816203597	5.387584677865304
2	25.206	230.05	4.142	112.435647192075	4	24.73	203.69624724970333	5.170099819635357
2	25.206	230.05	4.142	110.94730093850444	4	24.73	203.61213680928662	5.306325051437027
2	25.206	230.05	4.142	113.14746196073395	4	24.73	201.16268109162107	5.3403061774926375
2	25.206	230.05	4.142	114.72363095516516	4	24.73	200.74176096252512	5.330846753375834
2	25.206	230.05	4.142	107.8946413817987	4	24.73	205.40682733471738	5.500006387739672
2	25.206	230.05	4.142	116.30265867158371	4	24.73	204.44515155930148	5.3259455787890255
2	25.206	230.05	4.142	121.95341029723792	4	24.73	204.07013671496543	5.156364421775217
2	25.206	230.05	4.142	108.24391737901642	4	24.73	200.79464135585778	5.383085124553739
2	25.206	230.05	4.142	103.17910826131966	4	24.73	202.94060287328253	5.315114383843583
2	25.206	230.05	4.142	97.73630195240287	4	24.73	201.8350935815196	5.449439488415098
2	25.206	230.05	4.142	119.31596487922545	4	24.73	201.73663541991314	5.32406671244924
2	25.206	230.05	4.142	119.0013669204911	4	24.73	204.71933711165855	5.291117568310286
2	25.206	230.05	4.142	109.67402268475728	4	24.73	198.84258757864632	5.411464074032991
2	25.206	230.05	4.142	110.73946264379418	4	24.73	202.17763909469522	5.185304580262723
2	25.206	230.05	4.142	113.56280669920281	4	24.73	205.0287947955219	5.4458862266676045
2	25.206	230.05	4.142	114.5373795170155	4	24.73	203.06325788143613	5.497856806839515
2	25.206	230.05	4.142	106.98437146899356	4	24.73	203.56786848350166	5.2728210438227885
2	25.206	230.05	4.142	111.78368636333978	4	24.73	201.30103245263817	5.294502008328215
2	25.206	230.05	4.142	120.18069332088939	4	24.73	200.99536723548792	5.349608967512985
2	25.206	230.05	4.142	121.00130769551856	4	24.73	204.0182033571011	5.236546397185615
2	25.206	230.05	4.142	101.11696168342098	4	24.73	199.11160748251882	5.264628622688506
2	25.206	230.05	4.142	118.29789995830879	4	24.73	203.89227869247884	5.308083043828346
2	25.206	230.05	4.142	107.17234890761274	4	24.73	205.69353612962695	5.169768704696001
2	25.206	230.05	4.142	123.88099618969774	4	24.73	198.8920008087907	5.418040830517764
2	25.206	230.05	4.142	113.43485525212242	4	24.73	203.31172615616225	5.35977560851356
2	25.206	230.05	4.142	100.55226478601692	4	24.73	206.34159457505916	5.275140076064076
2	25.206	230.05	4.142	102.8247884039448	4	24.73	201.51342941177862	5.303033952228864
2	25.206	230.05	4.142	108.08102897356406	4	24.73	202.46413170168893	5.484869184956958
2	25.206	230.05	4.142	108.40718381518215	4	24.73	204.36543182634017	5.478922406261166
2	25.206	230.05	4.142	119.46452438887904	4	24.73	202.55126551042764	5.369265472718679
2	25.206	230.05	4.142	102.92660609226081	4	24.73	204.99453206399417	5.382370728390942
2	25.206	230.05	4.142	116.93966374207807	4	24.73	202.13500844850958	5.466805184586229
2	25.206	230.05	4.142	108.05693173436113	4	24.73	203.83765051618394	5.3607594372713825
2	25.206	230.05	4.142	112.78145205066917	4	24.73	207.5272869490032	5.1804191644363105
2	25.206	230.05	4.142	108.7929678644378	4	24.73	202.39035999656758	5.2387449065098926
2	25.206	230.05	4.142	117.9894531891449	4	24.73	203.71798195771342	5.521419305178997
2	25.206	230.05	4.142	120.02122450965508	4	24.73	206.52223463978098	5.373349308243866
2	25.206	230.05	4.142	97.40797526704795	4	24.73	203.84914101585022	5.2844566239606
2	25.206	230.05	4.142	95.27066104761576	4	24.73	203.93760633435582	5.3685902304604
2	25.206	230.05	4.142	117.13310823369616	4	24.73	200.36357730040018	5.332814499250396
2	25.206	230.05	4.142	113.40717763920225	4	24.73	201.50582447132012	5.462209943843362
2	25.206	230.05	4.142	126.00081368500099	4	24.73	200.7544094839846	5.326874302757666
2	25.206	230.05	4.142	114.15674890751713	4	24.73	202.3809133062666	5.478953562802925
2	25.206	230.05	4.142	115.33752755392233	4	24.73	203.218613024005	5.263825855422883
2	25.206	230.05	4.142	113.22248750102258	4	24.73	207.25590320140202	5.342945099621981
2	25.206	230.05	4.142	115.74709976238003	4	24.73	205.1953154166124	5.494916873768448
2	25.206	230.05	4.142	117.36301677703806	4	24.73	204.43539963087395	5.346379363129953
2	25.206	230.05	4.142	114.2002469969704	4	24.73	205.02915195247004	5.3609571637587345
2	25.206	230.05	4.142	116.1317974419651	4	24.73	201.08258002705367	5.231661854101439
2	25.206	230.05	4.142	114.07950449229129	4	24.73	200.61392326396867	5.345624018134051
2	25.206	230.05	4.142	106.63116091974487	4	24.73	203.77326843838205	5.275360304105436
2	25.206	230.05	4.142	117.11815359490896	4	24.73	204.46673003421216	5.299219077356115
2	25.206	230.05	4.142	105.33086288028679	4	24.73	201.08512482226223	5.250869860153127
2	25.206	230.05	4.142	114.98613559125427	4	24.73	200.93118638124685	5.387135324895951
2	25.206	230.05	4.142	122.99285920615402	4	24.73	203.50747513731042	5.280137290559082
2	25.206	230.05	4.142	107.2549267882306	4	24.73	208.79969213210913	5.239419605252784
2	25.206	230.05	4.142	114.36967045724238	4	24.73	204.34020306142625	5.259280901818839
2	25.206	230.05	4.142	122.40072071261824	4	24.73	202.11452204624598	5.357112985940408
2	25.206	230.05	4.142	100.70422058163052	4	24.73	201.2400991177944	5.328250928749149
2	25.206	230.05	4.142	101.9439317380598	4	24.73	202.48819294272056	5.392673283319513
2	25.206	230.05	4.142	117.30652651852024	4	24.73	200.91145895641455	5.324079059443825
2	25.206	230.05	4.142	121.61919436157727	4	24.73	202.65963727698758	5.351887807017923
2	25.206	230.05	4.142	110.00873997630534	4	24.73	206.06069757321572	5.176009643829644
2	25.206	230.05	4.142	113.49553453841781	4	24.73	197.8147814390884	5.509130094249614
2	25.206	230.05	4.142	109.06007889631255	4	24.73	200.55009066319613	5.342319288304002
2	25.206	230.05	4.142	115.78227764888331	4	24.73	202.29963125367394	5.352908669573399
2	25.206	230.05	4.142	119.14200788182887	4	24.73	204.17952824671767	5.573725239049523
2	25.206	230.05	4.142	103.78154351297604	4	24.73	202.89590146946995	5.381573407638785
2	25.206	230.05	4.142	110.55069253369705	4	24.73	202.73358360088858	5.37314329248661
2	25.206	230.05	4.142	123.00581218890835	4	24.73	201.80958730241503	5.335551750081026
2	25.206	230.05	4.142	129.41945431221214	4	24.73	205.3279737517665	5.297665175106826
2	25.206	230.05	4.142	116.55750208978165	4	24.73	204.11567762791685	5.284815425945099
2	25.206	230.05	4.142	120.89054497061606	4	24.73	199.74659763761076	5.251783922888797
2	25.206	230.05	4.142	124.25882726607026	4	24.73	204.53325078438328	5.3645505178822885
2	25.206	230.05	4.142	114.15422086615935	4	24.73	200.67166879217956	5.415914652636223
2	25.206	230.05	4.142	105.77029333458528	4	24.73	201.5989227861966	5.396907649922295
2	25.206	230.05	4.142	118.05177948315537	4	24.73	204.70294185376252	5.273796991935874
2	25.206	230.05	4.142	95.41097153835807	4	24.73	203.60107410198862	5.375656919427426
2	25.206	230.05	4.142	117.85021169642671	4	24.73	205.26107418405525	5.458129482375023
2	25.206	230.05	4.142	103.6699775324716	4	24.73	201.35676337076083	5.300662869755715
2	25.206	230.05	4.142	110.18126956222541	4	24.73	201.7072052071523	5.4028583914454895
2	25.206	230.05	4.142	119.56160738911325	4	24.73	204.97175830620284	5.4611494536284075
2	25.206	230.05	4.142	114.74307661929113	4	24.73	203.8433484070611	5.340737702917611
2	25.206	230.05	4.142	117.55911334087652	4	24.73	202.87601729268422	5.305785644174649
2	25.206	230.05	4.142	100.11223975866218	4	24.73	205.8490025760806	5.320494802331792
2	25.206	230.05	4.142	114.28195552463185	4	24.73	203.5011477800793	5.254633738517455
2	25.206	230.05	4.142	107.62956887757922	4	24.73	205.51821506478754	5.34845563636182
2	25.206	230.05	4.142	111.020320481854	4	24.73	199.7522250510512	5.366837154636952
2	25.206	230.05	4.142	119.62681338785407	4	24.73	202.64686868580947	5.245347128441854
2	25.206	230.05	4.142	111.09168273563303	4	24.73	200.7669132720463	5.4754255842884945
2	25.206	230.05	4.142	122.23340388114855	4	24.73	205.27665350727554	5.301759112468582
2	25.206	230.05	4.142	119.91933494689093	4	24.73	205.40828359715624	5.487798584488847
2	25.206	230.05	4.142	109.22388406343059	4	24.73	202.92291645771334	5.318511151676314
2	25.206	230.05	4.142	125.29203376190708	4	24.73	201.2548349053077	5.528665732960207
2	25.206	230.05	4.142	106.38343125033259	4	24.73	203.69717135892904	5.232288311239834
2	25.206	230.05	4.142	111.23981356453919	4	24.73	202.42455083921064	5.353507281787973
2	25.206	230.05	4.142	111.74271448633587	4	24.73	203.0603752698655	5.26660765797178
2	25.206	230.05	4.142	105.82373860736818	4	24.73	199.6014630600267	5.409359239112927
2	25.206	230.05	4.142	111.98111739692997	4	24.73	201.6783908856396	5.34491083598539
