rho (g/cm^-3)	P (GPa)
8.3000010000e+00 1.000000e-08
8.3000010000e+00 1.023293e-08
8.3000010000e+00 1.047129e-08
8.3000010000e+00 1.071519e-08
8.3000010000e+00 1.096478e-08
8.3000010000e+00 1.122018e-08
8.3000010000e+00 1.148154e-08
8.3000010000e+00 1.174898e-08
8.3000010000e+00 1.202264e-08
8.3000010000e+00 1.230269e-08
8.3000010000e+00 1.258925e-08
8.3000010000e+00 1.288250e-08
8.3000010000e+00 1.318257e-08
8.3000010000e+00 1.348963e-08
8.3000010000e+00 1.380384e-08
8.3000010000e+00 1.412538e-08
8.3000010000e+00 1.445440e-08
8.3000010000e+00 1.479108e-08
8.3000010000e+00 1.513561e-08
8.3000010000e+00 1.548817e-08
8.3000010000e+00 1.584893e-08
8.3000010000e+00 1.621810e-08
8.3000010000e+00 1.659587e-08
8.3000010000e+00 1.698244e-08
8.3000010000e+00 1.737801e-08
8.3000010000e+00 1.778279e-08
8.3000010000e+00 1.819701e-08
8.3000010000e+00 1.862087e-08
8.3000010000e+00 1.905461e-08
8.3000010000e+00 1.949845e-08
8.3000010000e+00 1.995262e-08
8.3000010000e+00 2.041738e-08
8.3000010000e+00 2.089296e-08
8.3000010000e+00 2.137962e-08
8.3000010000e+00 2.187762e-08
8.3000010000e+00 2.238721e-08
8.3000010000e+00 2.290868e-08
8.3000010000e+00 2.344229e-08
8.3000010000e+00 2.398833e-08
8.3000010000e+00 2.454709e-08
8.3000010000e+00 2.511886e-08
8.3000010000e+00 2.570396e-08
8.3000010000e+00 2.630268e-08
8.3000010000e+00 2.691535e-08
8.3000010000e+00 2.754229e-08
8.3000010000e+00 2.818383e-08
8.3000010000e+00 2.884032e-08
8.3000010000e+00 2.951209e-08
8.3000010000e+00 3.019952e-08
8.3000010000e+00 3.090295e-08
8.3000010000e+00 3.162278e-08
8.3000010000e+00 3.235937e-08
8.3000010000e+00 3.311311e-08
8.3000010000e+00 3.388442e-08
8.3000010000e+00 3.467369e-08
8.3000010000e+00 3.548134e-08
8.3000010000e+00 3.630781e-08
8.3000010000e+00 3.715352e-08
8.3000010000e+00 3.801894e-08
8.3000010000e+00 3.890451e-08
8.3000010000e+00 3.981072e-08
8.3000010000e+00 4.073803e-08
8.3000010000e+00 4.168694e-08
8.3000010000e+00 4.265795e-08
8.3000010000e+00 4.365158e-08
8.3000010000e+00 4.466836e-08
8.3000010000e+00 4.570882e-08
8.3000010000e+00 4.677351e-08
8.3000010000e+00 4.786301e-08
8.3000010000e+00 4.897788e-08
8.3000010000e+00 5.011872e-08
8.3000010000e+00 5.128614e-08
8.3000010000e+00 5.248075e-08
8.3000010000e+00 5.370318e-08
8.3000010000e+00 5.495409e-08
8.3000010000e+00 5.623413e-08
8.3000010000e+00 5.754399e-08
8.3000010000e+00 5.888437e-08
8.3000010000e+00 6.025596e-08
8.3000010000e+00 6.165950e-08
8.3000010000e+00 6.309573e-08
8.3000010000e+00 6.456542e-08
8.3000010000e+00 6.606934e-08
8.3000010000e+00 6.760830e-08
8.3000010000e+00 6.918310e-08
8.3000010000e+00 7.079458e-08
8.3000010000e+00 7.244360e-08
8.3000010000e+00 7.413102e-08
8.3000010000e+00 7.585776e-08
8.3000010000e+00 7.762471e-08
8.3000010000e+00 7.943282e-08
8.3000010000e+00 8.128305e-08
8.3000010000e+00 8.317638e-08
8.3000010000e+00 8.511380e-08
8.3000010000e+00 8.709636e-08
8.3000010000e+00 8.912509e-08
8.3000010000e+00 9.120108e-08
8.3000010000e+00 9.332543e-08
8.3000010000e+00 9.549926e-08
8.3000010000e+00 9.772372e-08
8.3000010000e+00 1.000000e-07
8.3000010000e+00 1.023293e-07
8.3000010000e+00 1.047129e-07
8.3000010000e+00 1.071519e-07
8.3000010000e+00 1.096478e-07
8.3000010000e+00 1.122018e-07
8.3000010000e+00 1.148154e-07
8.3000010000e+00 1.174898e-07
8.3000010000e+00 1.202264e-07
8.3000010000e+00 1.230269e-07
8.3000010000e+00 1.258925e-07
8.3000010000e+00 1.288250e-07
8.3000010000e+00 1.318257e-07
8.3000010000e+00 1.348963e-07
8.3000010000e+00 1.380384e-07
8.3000010000e+00 1.412538e-07
8.3000010000e+00 1.445440e-07
8.3000010000e+00 1.479108e-07
8.3000010000e+00 1.513561e-07
8.3000010000e+00 1.548817e-07
8.3000010000e+00 1.584893e-07
8.3000010000e+00 1.621810e-07
8.3000010000e+00 1.659587e-07
8.3000010000e+00 1.698244e-07
8.3000010000e+00 1.737801e-07
8.3000010000e+00 1.778279e-07
8.3000010000e+00 1.819701e-07
8.3000010000e+00 1.862087e-07
8.3000010000e+00 1.905461e-07
8.3000010000e+00 1.949845e-07
8.3000010000e+00 1.995262e-07
8.3000010000e+00 2.041738e-07
8.3000010000e+00 2.089296e-07
8.3000010000e+00 2.137962e-07
8.3000010000e+00 2.187762e-07
8.3000010000e+00 2.238721e-07
8.3000010000e+00 2.290868e-07
8.3000010000e+00 2.344229e-07
8.3000010000e+00 2.398833e-07
8.3000010000e+00 2.454709e-07
8.3000010000e+00 2.511886e-07
8.3000010000e+00 2.570396e-07
8.3000010000e+00 2.630268e-07
8.3000010000e+00 2.691535e-07
8.3000010000e+00 2.754229e-07
8.3000010000e+00 2.818383e-07
8.3000010000e+00 2.884032e-07
8.3000010000e+00 2.951209e-07
8.3000010000e+00 3.019952e-07
8.3000010000e+00 3.090295e-07
8.3000010000e+00 3.162278e-07
8.3000010000e+00 3.235937e-07
8.3000010000e+00 3.311311e-07
8.3000010000e+00 3.388442e-07
8.3000010000e+00 3.467369e-07
8.3000010000e+00 3.548134e-07
8.3000010000e+00 3.630781e-07
8.3000010000e+00 3.715352e-07
8.3000010000e+00 3.801894e-07
8.3000010000e+00 3.890451e-07
8.3000010000e+00 3.981072e-07
8.3000010000e+00 4.073803e-07
8.3000010000e+00 4.168694e-07
8.3000010000e+00 4.265795e-07
8.3000010000e+00 4.365158e-07
8.3000010000e+00 4.466836e-07
8.3000010000e+00 4.570882e-07
8.3000010000e+00 4.677351e-07
8.3000010000e+00 4.786301e-07
8.3000010000e+00 4.897788e-07
8.3000010000e+00 5.011872e-07
8.3000010000e+00 5.128614e-07
8.3000010000e+00 5.248075e-07
8.3000010000e+00 5.370318e-07
8.3000010000e+00 5.495409e-07
8.3000010000e+00 5.623413e-07
8.3000010000e+00 5.754399e-07
8.3000010000e+00 5.888437e-07
8.3000010000e+00 6.025596e-07
8.3000010000e+00 6.165950e-07
8.3000010000e+00 6.309573e-07
8.3000010000e+00 6.456542e-07
8.3000010000e+00 6.606934e-07
8.3000010000e+00 6.760830e-07
8.3000010000e+00 6.918310e-07
8.3000010000e+00 7.079458e-07
8.3000010000e+00 7.244360e-07
8.3000010000e+00 7.413102e-07
8.3000010000e+00 7.585776e-07
8.3000010000e+00 7.762471e-07
8.3000010000e+00 7.943282e-07
8.3000010000e+00 8.128305e-07
8.3000010000e+00 8.317638e-07
8.3000010000e+00 8.511380e-07
8.3000010000e+00 8.709636e-07
8.3000010000e+00 8.912509e-07
8.3000010000e+00 9.120108e-07
8.3000010000e+00 9.332543e-07
8.3000010000e+00 9.549926e-07
8.3000010000e+00 9.772372e-07
8.3000010000e+00 1.000000e-06
8.3000010000e+00 1.023293e-06
8.3000010000e+00 1.047129e-06
8.3000010000e+00 1.071519e-06
8.3000010000e+00 1.096478e-06
8.3000010000e+00 1.122018e-06
8.3000010000e+00 1.148154e-06
8.3000010000e+00 1.174898e-06
8.3000010000e+00 1.202264e-06
8.3000010000e+00 1.230269e-06
8.3000010000e+00 1.258925e-06
8.3000010000e+00 1.288250e-06
8.3000010000e+00 1.318257e-06
8.3000010000e+00 1.348963e-06
8.3000010000e+00 1.380384e-06
8.3000010000e+00 1.412538e-06
8.3000010000e+00 1.445440e-06
8.3000010000e+00 1.479108e-06
8.3000010000e+00 1.513561e-06
8.3000010000e+00 1.548817e-06
8.3000010000e+00 1.584893e-06
8.3000010000e+00 1.621810e-06
8.3000010000e+00 1.659587e-06
8.3000010000e+00 1.698244e-06
8.3000010000e+00 1.737801e-06
8.3000010000e+00 1.778279e-06
8.3000010000e+00 1.819701e-06
8.3000010000e+00 1.862087e-06
8.3000010000e+00 1.905461e-06
8.3000010000e+00 1.949845e-06
8.3000010000e+00 1.995262e-06
8.3000010000e+00 2.041738e-06
8.3000010000e+00 2.089296e-06
8.3000010000e+00 2.137962e-06
8.3000010000e+00 2.187762e-06
8.3000010000e+00 2.238721e-06
8.3000010000e+00 2.290868e-06
8.3000010000e+00 2.344229e-06
8.3000010000e+00 2.398833e-06
8.3000010000e+00 2.454709e-06
8.3000010000e+00 2.511886e-06
8.3000010000e+00 2.570396e-06
8.3000010000e+00 2.630268e-06
8.3000010000e+00 2.691535e-06
8.3000010000e+00 2.754229e-06
8.3000010000e+00 2.818383e-06
8.3000010000e+00 2.884032e-06
8.3000010000e+00 2.951209e-06
8.3000010000e+00 3.019952e-06
8.3000010000e+00 3.090295e-06
8.3000010000e+00 3.162278e-06
8.3000010000e+00 3.235937e-06
8.3000010000e+00 3.311311e-06
8.3000010000e+00 3.388442e-06
8.3000010000e+00 3.467369e-06
8.3000010000e+00 3.548134e-06
8.3000010000e+00 3.630781e-06
8.3000010000e+00 3.715352e-06
8.3000010000e+00 3.801894e-06
8.3000010000e+00 3.890451e-06
8.3000010000e+00 3.981072e-06
8.3000010000e+00 4.073803e-06
8.3000010000e+00 4.168694e-06
8.3000010000e+00 4.265795e-06
8.3000010000e+00 4.365158e-06
8.3000010000e+00 4.466836e-06
8.3000010000e+00 4.570882e-06
8.3000010000e+00 4.677351e-06
8.3000010000e+00 4.786301e-06
8.3000010000e+00 4.897788e-06
8.3000010000e+00 5.011872e-06
8.3000010000e+00 5.128614e-06
8.3000010000e+00 5.248075e-06
8.3000010000e+00 5.370318e-06
8.3000010000e+00 5.495409e-06
8.3000010000e+00 5.623413e-06
8.3000010000e+00 5.754399e-06
8.3000010000e+00 5.888437e-06
8.3000010000e+00 6.025596e-06
8.3000010000e+00 6.165950e-06
8.3000010000e+00 6.309573e-06
8.3000010000e+00 6.456542e-06
8.3000010000e+00 6.606934e-06
8.3000010000e+00 6.760830e-06
8.3000010000e+00 6.918310e-06
8.3000010000e+00 7.079458e-06
8.3000010000e+00 7.244360e-06
8.3000010000e+00 7.413102e-06
8.3000010000e+00 7.585776e-06
8.3000010000e+00 7.762471e-06
8.3000010000e+00 7.943282e-06
8.3000010000e+00 8.128305e-06
8.3000010000e+00 8.317638e-06
8.3000010000e+00 8.511380e-06
8.3000010000e+00 8.709636e-06
8.3000010000e+00 8.912509e-06
8.3000010000e+00 9.120108e-06
8.3000010000e+00 9.332543e-06
8.3000010000e+00 9.549926e-06
8.3000010000e+00 9.772372e-06
8.3000010000e+00 1.000000e-05
8.3000010000e+00 1.023293e-05
8.3000010000e+00 1.047129e-05
8.3000010000e+00 1.071519e-05
8.3000010000e+00 1.096478e-05
8.3000010000e+00 1.122018e-05
8.3000010000e+00 1.148154e-05
8.3000010000e+00 1.174898e-05
8.3000010000e+00 1.202264e-05
8.3000010000e+00 1.230269e-05
8.3000010000e+00 1.258925e-05
8.3000010000e+00 1.288250e-05
8.3000010000e+00 1.318257e-05
8.3000010000e+00 1.348963e-05
8.3000010000e+00 1.380384e-05
8.3000010000e+00 1.412538e-05
8.3000010000e+00 1.445440e-05
8.3000010000e+00 1.479108e-05
8.3000010000e+00 1.513561e-05
8.3000010000e+00 1.548817e-05
8.3000010000e+00 1.584893e-05
8.3000010000e+00 1.621810e-05
8.3000010000e+00 1.659587e-05
8.3000010000e+00 1.698244e-05
8.3000010000e+00 1.737801e-05
8.3000010000e+00 1.778279e-05
8.3000010000e+00 1.819701e-05
8.3000010000e+00 1.862087e-05
8.3000010179e+00 1.905461e-05
8.3000010511e+00 1.949845e-05
8.3000010844e+00 1.995262e-05
8.3000011176e+00 2.041738e-05
8.3000011508e+00 2.089296e-05
8.3000011840e+00 2.137962e-05
8.3000012172e+00 2.187762e-05
8.3000012505e+00 2.238721e-05
8.3000012837e+00 2.290868e-05
8.3000013169e+00 2.344229e-05
8.3000013501e+00 2.398833e-05
8.3000013833e+00 2.454709e-05
8.3000014166e+00 2.511886e-05
8.3000014498e+00 2.570396e-05
8.3000014830e+00 2.630268e-05
8.3000015162e+00 2.691535e-05
8.3000015494e+00 2.754229e-05
8.3000015827e+00 2.818383e-05
8.3000016159e+00 2.884032e-05
8.3000016491e+00 2.951209e-05
8.3000016823e+00 3.019952e-05
8.3000017155e+00 3.090295e-05
8.3000017488e+00 3.162278e-05
8.3000017820e+00 3.235937e-05
8.3000018152e+00 3.311311e-05
8.3000018484e+00 3.388442e-05
8.3000018816e+00 3.467369e-05
8.3000019148e+00 3.548134e-05
8.3000019481e+00 3.630781e-05
8.3000019813e+00 3.715352e-05
8.3000020248e+00 3.801894e-05
8.3000020816e+00 3.890451e-05
8.3000021384e+00 3.981072e-05
8.3000021952e+00 4.073803e-05
8.3000022520e+00 4.168694e-05
8.3000023087e+00 4.265795e-05
8.3000023655e+00 4.365158e-05
8.3000024223e+00 4.466836e-05
8.3000024791e+00 4.570882e-05
8.3000025359e+00 4.677351e-05
8.3000025927e+00 4.786301e-05
8.3000026495e+00 4.897788e-05
8.3000027063e+00 5.011872e-05
8.3000027631e+00 5.128614e-05
8.3000028198e+00 5.248075e-05
8.3000028766e+00 5.370318e-05
8.3000029334e+00 5.495409e-05
8.3000029902e+00 5.623413e-05
8.3000030662e+00 5.754399e-05
8.3000031463e+00 5.888437e-05
8.3000032263e+00 6.025596e-05
8.3000033064e+00 6.165950e-05
8.3000033864e+00 6.309573e-05
8.3000034664e+00 6.456542e-05
8.3000035465e+00 6.606934e-05
8.3000036265e+00 6.760830e-05
8.3000037065e+00 6.918310e-05
8.3000037866e+00 7.079458e-05
8.3000038666e+00 7.244360e-05
8.3000039467e+00 7.413102e-05
8.3000040344e+00 7.585776e-05
8.3000041376e+00 7.762471e-05
8.3000042408e+00 7.943282e-05
8.3000043440e+00 8.128305e-05
8.3000044472e+00 8.317638e-05
8.3000045504e+00 8.511380e-05
8.3000046536e+00 8.709636e-05
8.3000047567e+00 8.912509e-05
8.3000048599e+00 9.120108e-05
8.3000049631e+00 9.332543e-05
8.3000050812e+00 9.549926e-05
8.3000052075e+00 9.772372e-05
8.3000053337e+00 1.000000e-04
8.3000054600e+00 1.023293e-04
8.3000055863e+00 1.047129e-04
8.3000057126e+00 1.071519e-04
8.3000058389e+00 1.096478e-04
8.3000059652e+00 1.122018e-04
8.3000061082e+00 1.148154e-04
8.3000062576e+00 1.174898e-04
8.3000064070e+00 1.202264e-04
8.3000065563e+00 1.230269e-04
8.3000067057e+00 1.258925e-04
8.3000068551e+00 1.288250e-04
8.3000070051e+00 1.318257e-04
8.3000071776e+00 1.348963e-04
8.3000073500e+00 1.380384e-04
8.3000075225e+00 1.412538e-04
8.3000076949e+00 1.445440e-04
8.3000078673e+00 1.479108e-04
8.3000080451e+00 1.513561e-04
8.3000082406e+00 1.548817e-04
8.3000084361e+00 1.584893e-04
8.3000086316e+00 1.621810e-04
8.3000088271e+00 1.659587e-04
8.3000090252e+00 1.698244e-04
8.3000092437e+00 1.737801e-04
8.3000094623e+00 1.778279e-04
8.3000096808e+00 1.819701e-04
8.3000098994e+00 1.862087e-04
8.3000101304e+00 1.905461e-04
8.3000103719e+00 1.949845e-04
8.3000106135e+00 1.995262e-04
8.3000108551e+00 2.041738e-04
8.3000111059e+00 2.089296e-04
8.3000113706e+00 2.137962e-04
8.3000116352e+00 2.187762e-04
8.3000118998e+00 2.238721e-04
8.3000121788e+00 2.290868e-04
8.3000124664e+00 2.344229e-04
8.3000127541e+00 2.398833e-04
8.3000130451e+00 2.454709e-04
8.3000133558e+00 2.511886e-04
8.3000136665e+00 2.570396e-04
8.3000139772e+00 2.630268e-04
8.3000143093e+00 2.691535e-04
8.3000146430e+00 2.754229e-04
8.3000149768e+00 2.818383e-04
8.3000153319e+00 2.884032e-04
8.3000156887e+00 2.951209e-04
8.3000160484e+00 3.019952e-04
8.3000164282e+00 3.090295e-04
8.3000168080e+00 3.162278e-04
8.3000171992e+00 3.235937e-04
8.3000176021e+00 3.311311e-04
8.3000180052e+00 3.388442e-04
8.3000184311e+00 3.467369e-04
8.3000188569e+00 3.548134e-04
8.3000192981e+00 3.630781e-04
8.3000197470e+00 3.715352e-04
8.3000202060e+00 3.801894e-04
8.3000206779e+00 3.890451e-04
8.3000211571e+00 3.981072e-04
8.3000216521e+00 4.073803e-04
8.3000221539e+00 4.168694e-04
8.3000226719e+00 4.265795e-04
8.3000231983e+00 4.365158e-04
8.3000237394e+00 4.466836e-04
8.3000242923e+00 4.570882e-04
8.3000248564e+00 4.677351e-04
8.3000254376e+00 4.786301e-04
8.3000260256e+00 4.897788e-04
8.3000266357e+00 5.011872e-04
8.3000272551e+00 5.128614e-04
8.3000278883e+00 5.248075e-04
8.3000285404e+00 5.370318e-04
8.3000292034e+00 5.495409e-04
8.3000298826e+00 5.623413e-04
8.3000305809e+00 5.754399e-04
8.3000312924e+00 5.888437e-04
8.3000320182e+00 6.025596e-04
8.3000327664e+00 6.165950e-04
8.3000335306e+00 6.309573e-04
8.3000343109e+00 6.456542e-04
8.3000351082e+00 6.606934e-04
8.3000359256e+00 6.760830e-04
8.3000367639e+00 6.918310e-04
8.3000376208e+00 7.079458e-04
8.3000384971e+00 7.244360e-04
8.3000393935e+00 7.413102e-04
8.3000403107e+00 7.585776e-04
8.3000412492e+00 7.762471e-04
8.3000422096e+00 7.943282e-04
8.3000431926e+00 8.128305e-04
8.3000441986e+00 8.317638e-04
8.3000452282e+00 8.511380e-04
8.3000462819e+00 8.709636e-04
8.3000473601e+00 8.912509e-04
8.3000484634e+00 9.120108e-04
8.3000495920e+00 9.332543e-04
8.3000507465e+00 9.549926e-04
8.3000519273e+00 9.772372e-04
8.3000531372e+00 1.000000e-03
8.3000543760e+00 1.023293e-03
8.3000556424e+00 1.047129e-03
8.3000569369e+00 1.071519e-03
8.3000582642e+00 1.096478e-03
8.3000596216e+00 1.122018e-03
8.3000610084e+00 1.148154e-03
8.3000624313e+00 1.174898e-03
8.3000638843e+00 1.202264e-03
8.3000653733e+00 1.230269e-03
8.3000668949e+00 1.258925e-03
8.3000684541e+00 1.288250e-03
8.3000700470e+00 1.318257e-03
8.3000716798e+00 1.348963e-03
8.3000733494e+00 1.380384e-03
8.3000750566e+00 1.412538e-03
8.3000768056e+00 1.445440e-03
8.3000785950e+00 1.479108e-03
8.3000804256e+00 1.513561e-03
8.3000822987e+00 1.548817e-03
8.3000842153e+00 1.584893e-03
8.3000861767e+00 1.621810e-03
8.3000881839e+00 1.659587e-03
8.3000902381e+00 1.698244e-03
8.3000923401e+00 1.737801e-03
8.3000944910e+00 1.778279e-03
8.3000966917e+00 1.819701e-03
8.3000989430e+00 1.862087e-03
8.3001012483e+00 1.905461e-03
8.3001036068e+00 1.949845e-03
8.3001060189e+00 1.995262e-03
8.3001084894e+00 2.041738e-03
8.3001110152e+00 2.089296e-03
8.3001136020e+00 2.137962e-03
8.3001162478e+00 2.187762e-03
8.3001189548e+00 2.238721e-03
8.3001217261e+00 2.290868e-03
8.3001245615e+00 2.344229e-03
8.3001274628e+00 2.398833e-03
8.3001304316e+00 2.454709e-03
8.3001334696e+00 2.511886e-03
8.3001365783e+00 2.570396e-03
8.3001397592e+00 2.630268e-03
8.3001430139e+00 2.691535e-03
8.3001463457e+00 2.754229e-03
8.3001497542e+00 2.818383e-03
8.3001532422e+00 2.884032e-03
8.3001568114e+00 2.951209e-03
8.3001604641e+00 3.019952e-03
8.3001642013e+00 3.090295e-03
8.3001680254e+00 3.162278e-03
8.3001719391e+00 3.235937e-03
8.3001759438e+00 3.311311e-03
8.3001800418e+00 3.388442e-03
8.3001842357e+00 3.467369e-03
8.3001885270e+00 3.548134e-03
8.3001929176e+00 3.630781e-03
8.3001974114e+00 3.715352e-03
8.3002020088e+00 3.801894e-03
8.3002067144e+00 3.890451e-03
8.3002115291e+00 3.981072e-03
8.3002164559e+00 4.073803e-03
8.3002214975e+00 4.168694e-03
8.3002266564e+00 4.265795e-03
8.3002319351e+00 4.365158e-03
8.3002373375e+00 4.466836e-03
8.3002428652e+00 4.570882e-03
8.3002485220e+00 4.677351e-03
8.3002543103e+00 4.786301e-03
8.3002602334e+00 4.897788e-03
8.3002662946e+00 5.011872e-03
8.3002724969e+00 5.128614e-03
8.3002788434e+00 5.248075e-03
8.3002853381e+00 5.370318e-03
8.3002919835e+00 5.495409e-03
8.3002987843e+00 5.623413e-03
8.3003057432e+00 5.754399e-03
8.3003128641e+00 5.888437e-03
8.3003201509e+00 6.025596e-03
8.3003276076e+00 6.165950e-03
8.3003352377e+00 6.309573e-03
8.3003430454e+00 6.456542e-03
8.3003510350e+00 6.606934e-03
8.3003592110e+00 6.760830e-03
8.3003675772e+00 6.918310e-03
8.3003761380e+00 7.079458e-03
8.3003848983e+00 7.244360e-03
8.3003938627e+00 7.413102e-03
8.3004030357e+00 7.585776e-03
8.3004124227e+00 7.762471e-03
8.3004220277e+00 7.943282e-03
8.3004318568e+00 8.128305e-03
8.3004419147e+00 8.317638e-03
8.3004522069e+00 8.511380e-03
8.3004627386e+00 8.709636e-03
8.3004735157e+00 8.912509e-03
8.3004845436e+00 9.120108e-03
8.3004958283e+00 9.332543e-03
8.3005073759e+00 9.549926e-03
8.3005191922e+00 9.772372e-03
8.3005312838e+00 1.000000e-02
8.3005436570e+00 1.023293e-02
8.3005563182e+00 1.047129e-02
8.3005692743e+00 1.071519e-02
8.3005825320e+00 1.096478e-02
8.3005960983e+00 1.122018e-02
8.3006099806e+00 1.148154e-02
8.3006241862e+00 1.174898e-02
8.3006387226e+00 1.202264e-02
8.3006535974e+00 1.230269e-02
8.3006688185e+00 1.258925e-02
8.3006843940e+00 1.288250e-02
8.3007003322e+00 1.318257e-02
8.3007166414e+00 1.348963e-02
8.3007333304e+00 1.380384e-02
8.3007504080e+00 1.412538e-02
8.3007678830e+00 1.445440e-02
8.3007857650e+00 1.479108e-02
8.3008040633e+00 1.513561e-02
8.3008227877e+00 1.548817e-02
8.3008419478e+00 1.584893e-02
8.3008615543e+00 1.621810e-02
8.3008816170e+00 1.659587e-02
8.3009021468e+00 1.698244e-02
8.3009231545e+00 1.737801e-02
8.3009446514e+00 1.778279e-02
8.3009666487e+00 1.819701e-02
8.3009891579e+00 1.862087e-02
8.3010121913e+00 1.905461e-02
8.3010357608e+00 1.949845e-02
8.3010598789e+00 1.995262e-02
8.3010845585e+00 2.041738e-02
8.3011098125e+00 2.089296e-02
8.3011356544e+00 2.137962e-02
8.3011620977e+00 2.187762e-02
8.3011891566e+00 2.238721e-02
8.3012168453e+00 2.290868e-02
8.3012451785e+00 2.344229e-02
8.3012741711e+00 2.398833e-02
8.3013038385e+00 2.454709e-02
8.3013341964e+00 2.511886e-02
8.3013652609e+00 2.570396e-02
8.3013970483e+00 2.630268e-02
8.3014295756e+00 2.691535e-02
8.3014628597e+00 2.754229e-02
8.3014969185e+00 2.818383e-02
8.3015317699e+00 2.884032e-02
8.3015674323e+00 2.951209e-02
8.3016039245e+00 3.019952e-02
8.3016412660e+00 3.090295e-02
8.3016794764e+00 3.162278e-02
8.3017185759e+00 3.235937e-02
8.3017585851e+00 3.311311e-02
8.3017995253e+00 3.388442e-02
8.3018414180e+00 3.467369e-02
8.3018842854e+00 3.548134e-02
8.3019281502e+00 3.630781e-02
8.3019730354e+00 3.715352e-02
8.3020189649e+00 3.801894e-02
8.3020659630e+00 3.890451e-02
8.3021140543e+00 3.981072e-02
8.3021632645e+00 4.073803e-02
8.3022136193e+00 4.168694e-02
8.3022651454e+00 4.265795e-02
8.3023178700e+00 4.365158e-02
8.3023718210e+00 4.466836e-02
8.3024270268e+00 4.570882e-02
8.3024835166e+00 4.677351e-02
8.3025413202e+00 4.786301e-02
8.3026004681e+00 4.897788e-02
8.3026609915e+00 5.011872e-02
8.3027229224e+00 5.128614e-02
8.3027862934e+00 5.248075e-02
8.3028511379e+00 5.370318e-02
8.3029174903e+00 5.495409e-02
8.3029853853e+00 5.623413e-02
8.3030548590e+00 5.754399e-02
8.3031259478e+00 5.888437e-02
8.3031986893e+00 6.025596e-02
8.3032731218e+00 6.165950e-02
8.3033492846e+00 6.309573e-02
8.3034272178e+00 6.456542e-02
8.3035069624e+00 6.606934e-02
8.3035885605e+00 6.760830e-02
8.3036720550e+00 6.918310e-02
8.3037574900e+00 7.079458e-02
8.3038449104e+00 7.244360e-02
8.3039343622e+00 7.413102e-02
8.3040258926e+00 7.585776e-02
8.3041195497e+00 7.762471e-02
8.3042153828e+00 7.943282e-02
8.3043134423e+00 8.128305e-02
8.3044137798e+00 8.317638e-02
8.3045164482e+00 8.511380e-02
8.3046215013e+00 8.709636e-02
8.3047289944e+00 8.912509e-02
8.3048389841e+00 9.120108e-02
8.3049515281e+00 9.332543e-02
8.3050666856e+00 9.549926e-02
8.3051845171e+00 9.772372e-02
8.3053050844e+00 1.000000e-01
8.3054284510e+00 1.023293e-01
8.3055546815e+00 1.047129e-01
8.3056838421e+00 1.071519e-01
8.3058160008e+00 1.096478e-01
8.3059512268e+00 1.122018e-01
8.3060895911e+00 1.148154e-01
8.3062311662e+00 1.174898e-01
8.3063760263e+00 1.202264e-01
8.3065242475e+00 1.230269e-01
8.3066759072e+00 1.258925e-01
8.3068310850e+00 1.288250e-01
8.3069898622e+00 1.318257e-01
8.3071523218e+00 1.348963e-01
8.3073185489e+00 1.380384e-01
8.3074886305e+00 1.412538e-01
8.3076626555e+00 1.445440e-01
8.3078407150e+00 1.479108e-01
8.3080229019e+00 1.513561e-01
8.3082093116e+00 1.548817e-01
8.3084000414e+00 1.584893e-01
8.3085951909e+00 1.621810e-01
8.3087948620e+00 1.659587e-01
8.3089991588e+00 1.698244e-01
8.3092081880e+00 1.737801e-01
8.3094220585e+00 1.778279e-01
8.3096408818e+00 1.819701e-01
8.3098647720e+00 1.862087e-01
8.3101021407e+00 1.905461e-01
8.3103529282e+00 1.949845e-01
8.3106037157e+00 1.995262e-01
8.3108545032e+00 2.041738e-01
8.3111052908e+00 2.089296e-01
8.3113560783e+00 2.137962e-01
8.3116068658e+00 2.187762e-01
8.3118576533e+00 2.238721e-01
8.3121426683e+00 2.290868e-01
8.3124373018e+00 2.344229e-01
8.3127319352e+00 2.398833e-01
8.3130265687e+00 2.454709e-01
8.3133212021e+00 2.511886e-01
8.3136158355e+00 2.570396e-01
8.3139229050e+00 2.630268e-01
8.3142613188e+00 2.691535e-01
8.3145997327e+00 2.754229e-01
8.3149381466e+00 2.818383e-01
8.3152765604e+00 2.884032e-01
8.3156149743e+00 2.951209e-01
8.3159807868e+00 3.019952e-01
8.3163629243e+00 3.090295e-01
8.3167450618e+00 3.162278e-01
8.3171271993e+00 3.235937e-01
8.3175093368e+00 3.311311e-01
8.3179183488e+00 3.388442e-01
8.3183441583e+00 3.467369e-01
8.3187699677e+00 3.548134e-01
8.3191957772e+00 3.630781e-01
8.3196266924e+00 3.715352e-01
8.3200961254e+00 3.801894e-01
8.3205655584e+00 3.890451e-01
8.3210349914e+00 3.981072e-01
8.3215059842e+00 4.073803e-01
8.3220189945e+00 4.168694e-01
8.3225320048e+00 4.265795e-01
8.3230450151e+00 4.365158e-01
8.3235711010e+00 4.466836e-01
8.3241276440e+00 4.570882e-01
8.3246841869e+00 4.677351e-01
8.3252407298e+00 4.786301e-01
8.3258345134e+00 4.897788e-01
8.3264345452e+00 5.011872e-01
8.3270345771e+00 5.128614e-01
8.3276633342e+00 5.248075e-01
8.3283068123e+00 5.370318e-01
8.3289502904e+00 5.495409e-01
8.3296233289e+00 5.623413e-01
8.3303102111e+00 5.754399e-01
8.3309970932e+00 5.888437e-01
8.3317225076e+00 6.025596e-01
8.3324527523e+00 6.165950e-01
8.3331943201e+00 6.309573e-01
8.3339678859e+00 6.456542e-01
8.3347414518e+00 6.606934e-01
8.3355488070e+00 6.760830e-01
8.3363656533e+00 6.918310e-01
8.3372011329e+00 7.079458e-01
8.3380612191e+00 7.244360e-01
8.3389298922e+00 7.413102e-01
8.3398331780e+00 7.585776e-01
8.3407396093e+00 7.762471e-01
8.3416860546e+00 7.943282e-01
8.3426343741e+00 8.128305e-01
8.3436239391e+00 8.317638e-01
8.3446178997e+00 8.511380e-01
8.3456505448e+00 8.709636e-01
8.3466935698e+00 8.912509e-01
8.3477692555e+00 9.120108e-01
8.3488644785e+00 9.332543e-01
8.3499831655e+00 9.549926e-01
8.3511334644e+00 9.772372e-01
8.3522985667e+00 1.000000e+00
8.3535031389e+00 1.023293e+00
8.3547284548e+00 1.047129e+00
8.3559759112e+00 1.071519e+00
8.3572637072e+00 1.096478e+00
8.3585732797e+00 1.122018e+00
8.3599066620e+00 1.148154e+00
8.3612825392e+00 1.174898e+00
8.3626843608e+00 1.202264e+00
8.3641136316e+00 1.230269e+00
8.3655749306e+00 1.258925e+00
8.3670759718e+00 1.288250e+00
8.3686076582e+00 1.318257e+00
8.3701714640e+00 1.348963e+00
8.3717687779e+00 1.380384e+00
8.3734009107e+00 1.412538e+00
8.3750750983e+00 1.445440e+00
8.3767857528e+00 1.479108e+00
8.3785335987e+00 1.513561e+00
8.3803197456e+00 1.548817e+00
8.3821452460e+00 1.584893e+00
8.3840110989e+00 1.621810e+00
8.3859182535e+00 1.659587e+00
8.3878676125e+00 1.698244e+00
8.3898600354e+00 1.737801e+00
8.3918963411e+00 1.778279e+00
8.3939773104e+00 1.819701e+00
8.3961036884e+00 1.862087e+00
8.3982761869e+00 1.905461e+00
8.4004969219e+00 1.949845e+00
8.4027697966e+00 1.995262e+00
8.4050913766e+00 2.041738e+00
8.4074622329e+00 2.089296e+00
8.4098829126e+00 2.137962e+00
8.4123593562e+00 2.187762e+00
8.4148908384e+00 2.238721e+00
8.4174741559e+00 2.290868e+00
8.4201148818e+00 2.344229e+00
8.4228147229e+00 2.398833e+00
8.4255681188e+00 2.454709e+00
8.4283877523e+00 2.511886e+00
8.4312625964e+00 2.570396e+00
8.4342041319e+00 2.630268e+00
8.4372037052e+00 2.691535e+00
8.4402736848e+00 2.754229e+00
8.4434051412e+00 2.818383e+00
8.4466053022e+00 2.884032e+00
8.4498748586e+00 2.951209e+00
8.4532119589e+00 3.019952e+00
8.4566197848e+00 3.090295e+00
8.4601032620e+00 3.162278e+00
8.4636595166e+00 3.235937e+00
8.4672904685e+00 3.311311e+00
8.4709979351e+00 3.388442e+00
8.4747836379e+00 3.467369e+00
8.4786492095e+00 3.548134e+00
8.4825961987e+00 3.630781e+00
8.4866260763e+00 3.715352e+00
8.4907402400e+00 3.801894e+00
8.4949400186e+00 3.890451e+00
8.4992266766e+00 3.981072e+00
8.5036017616e+00 4.073803e+00
8.5080706233e+00 4.168694e+00
8.5126303972e+00 4.265795e+00
8.5172821107e+00 4.365158e+00
8.5220335969e+00 4.466836e+00
8.5268794185e+00 4.570882e+00
8.5318268514e+00 4.677351e+00
8.5368725067e+00 4.786301e+00
8.5420243810e+00 4.897788e+00
8.5472789329e+00 5.011872e+00
8.5526389895e+00 5.128614e+00
8.5581099958e+00 5.248075e+00
8.5636904790e+00 5.370318e+00
8.5693827656e+00 5.495409e+00
8.5751890566e+00 5.623413e+00
8.5811114349e+00 5.754399e+00
8.5871518736e+00 5.888437e+00
8.5933122424e+00 6.025596e+00
8.5995943145e+00 6.165950e+00
8.6059998144e+00 6.309573e+00
8.6125336791e+00 6.456542e+00
8.6191946132e+00 6.606934e+00
8.6259848881e+00 6.760830e+00
8.6329094007e+00 6.918310e+00
8.6399666959e+00 7.079458e+00
8.6471620195e+00 7.244360e+00
8.6544958949e+00 7.413102e+00
8.6619700686e+00 7.585776e+00
8.6695875522e+00 7.762471e+00
8.6773515327e+00 7.943282e+00
8.6852629417e+00 8.128305e+00
8.6933241437e+00 8.317638e+00
8.7015373754e+00 8.511380e+00
8.7099058567e+00 8.709636e+00
8.7184315218e+00 8.912509e+00
8.7271157917e+00 9.120108e+00
8.7359612485e+00 9.332543e+00
8.7449718368e+00 9.549926e+00
8.7541475885e+00 9.772372e+00
8.7634928920e+00 1.000000e+01
8.7730093293e+00 1.023293e+01
8.7826988733e+00 1.047129e+01
8.7925643578e+00 1.071519e+01
8.8026084583e+00 1.096478e+01
8.8128337026e+00 1.122018e+01
8.8232424801e+00 1.148154e+01
8.8338370499e+00 1.174898e+01
8.8446195493e+00 1.202264e+01
8.8555930942e+00 1.230269e+01
8.8667604410e+00 1.258925e+01
8.8781231952e+00 1.288250e+01
8.8896845279e+00 1.318257e+01
8.9014473387e+00 1.348963e+01
8.9134133731e+00 1.380384e+01
8.9255854820e+00 1.412538e+01
8.9379663584e+00 1.445440e+01
8.9505585469e+00 1.479108e+01
8.9633644535e+00 1.513561e+01
8.9763863847e+00 1.548817e+01
8.9896285739e+00 1.584893e+01
9.0030913846e+00 1.621810e+01
9.0167793206e+00 1.659587e+01
9.0306934982e+00 1.698244e+01
9.0448370342e+00 1.737801e+01
9.0592133393e+00 1.778279e+01
9.0738241967e+00 1.819701e+01
9.0886722524e+00 1.862087e+01
9.1037609256e+00 1.905461e+01
9.1190921337e+00 1.949845e+01
9.1346680775e+00 1.995262e+01
9.1504927699e+00 2.041738e+01
9.1665673014e+00 2.089296e+01
9.1828957732e+00 2.137962e+01
9.1994800751e+00 2.187762e+01
9.2163228478e+00 2.238721e+01
9.2334268270e+00 2.290868e+01
9.2507946060e+00 2.344229e+01
9.2684288439e+00 2.398833e+01
9.2863329287e+00 2.454709e+01
9.3045081942e+00 2.511886e+01
9.3229586834e+00 2.570396e+01
9.3416859387e+00 2.630268e+01
9.3606929916e+00 2.691535e+01
9.3799827201e+00 2.754229e+01
9.3995578582e+00 2.818383e+01
9.4194210054e+00 2.884032e+01
9.4395746349e+00 2.951209e+01
9.4600211020e+00 3.019952e+01
9.4807640323e+00 3.090295e+01
9.5018049675e+00 3.162278e+01
9.5231476675e+00 3.235937e+01
9.5447942274e+00 3.311311e+01
9.5667473238e+00 3.388442e+01
9.5890096677e+00 3.467369e+01
9.6115838477e+00 3.548134e+01
9.6344731319e+00 3.630781e+01
9.6576795893e+00 3.715352e+01
9.6812061097e+00 3.801894e+01
9.7050551495e+00 3.890451e+01
9.7292301112e+00 3.981072e+01
9.7537330930e+00 4.073803e+01
9.7785668855e+00 4.168694e+01
9.8037341657e+00 4.265795e+01
9.8292380017e+00 4.365158e+01
9.8550809134e+00 4.466836e+01
9.8812653141e+00 4.570882e+01
9.9077945209e+00 4.677351e+01
9.9346709800e+00 4.786301e+01
9.9618973709e+00 4.897788e+01
9.9894765609e+00 5.011872e+01
1.0017411315e+01 5.128614e+01
1.0045704304e+01 5.248075e+01
1.0074358494e+01 5.370318e+01
1.0103376751e+01 5.495409e+01
1.0132761612e+01 5.623413e+01
1.0162515854e+01 5.754399e+01
1.0192642853e+01 5.888437e+01
1.0223144983e+01 6.025596e+01
1.0254025121e+01 6.165950e+01
1.0285286403e+01 6.309573e+01
1.0316931611e+01 6.456542e+01
1.0348963243e+01 6.606934e+01
1.0381385020e+01 6.760830e+01
1.0414199146e+01 6.918310e+01
1.0447408805e+01 7.079458e+01
1.0481017099e+01 7.244360e+01
1.0515027055e+01 7.413102e+01
1.0549441628e+01 7.585776e+01
1.0584263709e+01 7.762471e+01
1.0619496187e+01 7.943282e+01
1.0655142798e+01 8.128305e+01
1.0691205955e+01 8.317638e+01
1.0727688952e+01 8.511380e+01
1.0764595135e+01 8.709636e+01
1.0801927538e+01 8.912509e+01
1.0839689513e+01 9.120108e+01
1.0877884105e+01 9.332543e+01
1.0916514377e+01 9.549926e+01
1.0955583975e+01 9.772372e+01
1.0995095758e+01 1.000000e+02
1.1035053664e+01 1.023293e+02
1.1075460585e+01 1.047129e+02
1.1116319992e+01 1.071519e+02
1.1157635311e+01 1.096478e+02
1.1199409924e+01 1.122018e+02
1.1241647681e+01 1.148154e+02
1.1284351686e+01 1.174898e+02
1.1327525696e+01 1.202264e+02
1.1371173057e+01 1.230269e+02
1.1415297806e+01 1.258925e+02
1.1459903353e+01 1.288250e+02
1.1504993364e+01 1.318257e+02
1.1550571589e+01 1.348963e+02
1.1596642101e+01 1.380384e+02
1.1643208310e+01 1.412538e+02
1.1690274236e+01 1.445440e+02
1.1737843751e+01 1.479108e+02
1.1785920996e+01 1.513561e+02
1.1834509715e+01 1.548817e+02
1.1883614016e+01 1.584893e+02
1.1933237990e+01 1.621810e+02
1.1983385708e+01 1.659587e+02
1.2034061406e+01 1.698244e+02
1.2085269468e+01 1.737801e+02
1.2137013763e+01 1.778279e+02
1.2189299020e+01 1.819701e+02
1.2242129431e+01 1.862087e+02
1.2295509364e+01 1.905461e+02
1.2349443351e+01 1.949845e+02
1.2403935916e+01 1.995262e+02
1.2458991579e+01 2.041738e+02
1.2514615112e+01 2.089296e+02
1.2570811225e+01 2.137962e+02
1.2627584456e+01 2.187762e+02
1.2684939774e+01 2.238721e+02
1.2742882143e+01 2.290868e+02
1.2801416303e+01 2.344229e+02
1.2860547296e+01 2.398833e+02
1.2920280165e+01 2.454709e+02
1.2980619966e+01 2.511886e+02
1.3041572192e+01 2.570396e+02
1.3103141734e+01 2.630268e+02
1.3165334055e+01 2.691535e+02
1.3228154343e+01 2.754229e+02
1.3291608469e+01 2.818383e+02
1.3355701595e+01 2.884032e+02
1.3420439358e+01 2.951209e+02
1.3485827414e+01 3.019952e+02
1.3551871438e+01 3.090295e+02
1.3618577577e+01 3.162278e+02
1.3685951285e+01 3.235937e+02
1.3753998693e+01 3.311311e+02
1.3822725700e+01 3.388442e+02
1.3892138723e+01 3.467369e+02
1.3962243650e+01 3.548134e+02
1.4033046810e+01 3.630781e+02
1.4104554561e+01 3.715352e+02
1.4176773294e+01 3.801894e+02
1.4249709510e+01 3.890451e+02
1.4323370092e+01 3.981072e+02
1.4397761198e+01 4.073803e+02
1.4472890154e+01 4.168694e+02
1.4548763354e+01 4.265795e+02
1.4625387877e+01 4.365158e+02
1.4702770869e+01 4.466836e+02
1.4780919417e+01 4.570882e+02
1.4859840808e+01 4.677351e+02
1.4939542275e+01 4.786301e+02
1.5020031123e+01 4.897788e+02
1.5101314910e+01 5.011872e+02
1.5183401432e+01 5.128614e+02
1.5266298191e+01 5.248075e+02
1.5350012954e+01 5.370318e+02
1.5434553846e+01 5.495409e+02
1.5519928814e+01 5.623413e+02
1.5606145886e+01 5.754399e+02
1.5693213425e+01 5.888437e+02
1.5781139766e+01 6.025596e+02
1.5869933161e+01 6.165950e+02
1.5959602316e+01 6.309573e+02
1.6050155914e+01 6.456542e+02
1.6141602780e+01 6.606934e+02
1.6233951658e+01 6.760830e+02
1.6327211674e+01 6.918310e+02
1.6421392031e+01 7.079458e+02
1.6516502005e+01 7.244360e+02
1.6612550952e+01 7.413102e+02
1.6709548307e+01 7.585776e+02
1.6807503619e+01 7.762471e+02
1.6906427146e+01 7.943282e+02
1.7006328172e+01 8.128305e+02
1.7107217214e+01 8.317638e+02
1.7209104251e+01 8.511380e+02
1.7311999545e+01 8.709636e+02
1.7415913591e+01 8.912509e+02
1.7520856983e+01 9.120108e+02
1.7626840408e+01 9.332543e+02
1.7733874692e+01 9.549926e+02
1.7841971242e+01 9.772372e+02
1.7951140639e+01 1.000000e+03
1.8061394751e+01 1.023293e+03
1.8172744596e+01 1.047129e+03
1.8285201962e+01 1.071519e+03
1.8398778863e+01 1.096478e+03
1.8513486992e+01 1.122018e+03
1.8629338462e+01 1.148154e+03
1.8746345747e+01 1.174898e+03
1.8864521166e+01 1.202264e+03
1.8983877135e+01 1.230269e+03
1.9104426771e+01 1.258925e+03
1.9226182687e+01 1.288250e+03
1.9349158454e+01 1.318257e+03
1.9473367004e+01 1.348963e+03
1.9598821933e+01 1.380384e+03
1.9725536973e+01 1.412538e+03
1.9853525999e+01 1.445440e+03
1.9982803026e+01 1.479108e+03
2.0113382213e+01 1.513561e+03
2.0245278243e+01 1.548817e+03
2.0378505622e+01 1.584893e+03
2.0513079192e+01 1.621810e+03
2.0649013861e+01 1.659587e+03
2.0786325354e+01 1.698244e+03
2.0925028754e+01 1.737801e+03
2.1065139807e+01 1.778279e+03
2.1206674427e+01 1.819701e+03
2.1349648702e+01 1.862087e+03
2.1494079193e+01 1.905461e+03
2.1639982380e+01 1.949845e+03
2.1787374768e+01 1.995262e+03
2.1936274020e+01 2.041738e+03
2.2086696877e+01 2.089296e+03
2.2238660960e+01 2.137962e+03
2.2392184237e+01 2.187762e+03
2.2547284675e+01 2.238721e+03
2.2703980445e+01 2.290868e+03
2.2862290317e+01 2.344229e+03
2.3022232872e+01 2.398833e+03
2.3183827019e+01 2.454709e+03
2.3347092459e+01 2.511886e+03
2.3512048426e+01 2.570396e+03
2.3678715240e+01 2.630268e+03
2.3847112659e+01 2.691535e+03
2.4017261256e+01 2.754229e+03
2.4189181841e+01 2.818383e+03
2.4362895464e+01 2.884032e+03
2.4538423421e+01 2.951209e+03
2.4715787252e+01 3.019952e+03
2.4895008965e+01 3.090295e+03
2.5076111093e+01 3.162278e+03
2.5259115767e+01 3.235937e+03
2.5444046212e+01 3.311311e+03
2.5630925707e+01 3.388442e+03
2.5819777628e+01 3.467369e+03
2.6010625963e+01 3.548134e+03
2.6203494985e+01 3.630781e+03
2.6398409260e+01 3.715352e+03
2.6595393760e+01 3.801894e+03
2.6794474206e+01 3.890451e+03
2.6995675601e+01 3.981072e+03
2.7199024783e+01 4.073803e+03
2.7404547569e+01 4.168694e+03
2.7612270997e+01 4.265795e+03
2.7822222629e+01 4.365158e+03
2.8034429800e+01 4.466836e+03
2.8248920551e+01 4.570882e+03
2.8465723672e+01 4.677351e+03
2.8684867720e+01 4.786301e+03
2.8906381801e+01 4.897788e+03
2.9130296328e+01 5.011872e+03
2.9356640694e+01 5.128614e+03
2.9585446282e+01 5.248075e+03
2.9816743769e+01 5.370318e+03
3.0050564708e+01 5.495409e+03
3.0286941170e+01 5.623413e+03
3.0525905638e+01 5.754399e+03
3.0767491003e+01 5.888437e+03
3.1011731149e+01 6.025596e+03
3.1258659690e+01 6.165950e+03
3.1508311154e+01 6.309573e+03
3.1760720547e+01 6.456542e+03
3.2015923741e+01 6.606934e+03
3.2273956434e+01 6.760830e+03
3.2534855354e+01 6.918310e+03
3.2798657711e+01 7.079458e+03
3.3065401199e+01 7.244360e+03
3.3335124033e+01 7.413102e+03
3.3607865793e+01 7.585776e+03
3.3883665024e+01 7.762471e+03
3.4162562657e+01 7.943282e+03
3.4444598748e+01 8.128305e+03
3.4729814873e+01 8.317638e+03
3.5018253330e+01 8.511380e+03
3.5309956425e+01 8.709636e+03
3.5604967631e+01 8.912509e+03
3.5903330926e+01 9.120108e+03
3.6205090654e+01 9.332543e+03
3.6510292227e+01 9.549926e+03
3.6818982025e+01 9.772372e+03
3.7131206505e+01 1.000000e+04
3.7447013052e+01 1.023293e+04
3.7766450085e+01 1.047129e+04
3.8089566688e+01 1.071519e+04
3.8416412618e+01 1.096478e+04
3.8747038319e+01 1.122018e+04
3.9081494925e+01 1.148154e+04
3.9419834661e+01 1.174898e+04
3.9762110847e+01 1.202264e+04
4.0108376904e+01 1.230269e+04
4.0458687417e+01 1.258925e+04
4.0813098175e+01 1.288250e+04
4.1171665660e+01 1.318257e+04
4.1534447101e+01 1.348963e+04
4.1901500810e+01 1.380384e+04
4.2272885666e+01 1.412538e+04
4.2648661582e+01 1.445440e+04
4.3028890572e+01 1.479108e+04
4.3413633719e+01 1.513561e+04
4.3802954293e+01 1.548817e+04
4.4196916888e+01 1.584893e+04
4.4595586189e+01 1.621810e+04
4.4999028361e+01 1.659587e+04
4.5407311109e+01 1.698244e+04
4.5820502247e+01 1.737801e+04
4.6238670992e+01 1.778279e+04
4.6661888990e+01 1.819701e+04
4.7090226989e+01 1.862087e+04
4.7523758124e+01 1.905461e+04
4.7962556747e+01 1.949845e+04
4.8406698307e+01 1.995262e+04
4.8856259360e+01 2.041738e+04
4.9311317589e+01 2.089296e+04
4.9771951819e+01 2.137962e+04
5.0238243200e+01 2.187762e+04
5.0710272730e+01 2.238721e+04
5.1188124629e+01 2.290868e+04
5.1671882598e+01 2.344229e+04
5.2036590181e+01 2.398833e+04
5.2530746758e+01 2.454709e+04
5.3030165528e+01 2.511886e+04
5.3534915452e+01 2.570396e+04
5.4045066567e+01 2.630268e+04
5.4560690003e+01 2.691535e+04
5.5081857985e+01 2.754229e+04
5.5608643850e+01 2.818383e+04
5.6141122052e+01 2.884032e+04
5.6679368172e+01 2.951209e+04
5.7223458928e+01 3.019952e+04
5.7773472183e+01 3.090295e+04
5.8329486955e+01 3.162278e+04
5.8891583421e+01 3.235937e+04
5.9459842931e+01 3.311311e+04
6.0034348012e+01 3.388442e+04
6.0615182378e+01 3.467369e+04
6.1202430933e+01 3.548134e+04
6.1796179784e+01 3.630781e+04
6.2396516244e+01 3.715352e+04
6.3003528838e+01 3.801894e+04
6.3617307312e+01 3.890451e+04
6.4237942637e+01 3.981072e+04
6.4865527016e+01 4.073803e+04
6.5500153888e+01 4.168694e+04
6.6141917934e+01 4.265795e+04
6.6790915081e+01 4.365158e+04
6.7447242509e+01 4.466836e+04
6.8110998650e+01 4.570882e+04
6.8782283197e+01 4.677351e+04
6.9461197106e+01 4.786301e+04
7.0147842599e+01 4.897788e+04
7.0842323164e+01 5.011872e+04
7.1544743565e+01 5.128614e+04
7.2255209835e+01 5.248075e+04
7.2973829286e+01 5.370318e+04
7.3700710506e+01 5.495409e+04
7.4435963362e+01 5.623413e+04
7.5179699000e+01 5.754399e+04
7.5932029846e+01 5.888437e+04
7.6693069607e+01 6.025596e+04
7.7462933272e+01 6.165950e+04
7.8241737108e+01 6.309573e+04
7.9029598664e+01 6.456542e+04
7.9826636766e+01 6.606934e+04
8.0632971520e+01 6.760830e+04
8.1448724305e+01 6.918310e+04
8.2274017777e+01 7.079458e+04
8.3108975864e+01 7.244360e+04
8.3953723763e+01 7.413102e+04
8.4808387940e+01 7.585776e+04
8.5673096123e+01 7.762471e+04
8.6547977303e+01 7.943282e+04
8.7433161730e+01 8.128305e+04
8.8328780907e+01 8.317638e+04
8.9234967587e+01 8.511380e+04
9.0151855772e+01 8.709636e+04
9.1079580704e+01 8.912509e+04
9.2018278864e+01 9.120108e+04
9.2968087968e+01 9.332543e+04
9.3929146957e+01 9.549926e+04
9.4901596001e+01 9.772372e+04
9.5885576485e+01 1.000000e+05
9.6881231011e+01 1.023293e+05
9.7888703389e+01 1.047129e+05
9.8908138632e+01 1.071519e+05
9.9939682956e+01 1.096478e+05
1.0098348377e+02 1.122018e+05
1.0203968966e+02 1.148154e+05
1.0310845042e+02 1.174898e+05
1.0418991700e+02 1.202264e+05
1.0528424154e+02 1.230269e+05
1.0639157735e+02 1.258925e+05
1.0751207889e+02 1.288250e+05
1.0864590180e+02 1.318257e+05
1.0979320286e+02 1.348963e+05
1.1095414001e+02 1.380384e+05
1.1212887236e+02 1.412538e+05
1.1331756015e+02 1.445440e+05
1.1452036476e+02 1.479108e+05
1.1573744872e+02 1.513561e+05
1.1696897570e+02 1.548817e+05
1.1821511052e+02 1.584893e+05
1.1947601914e+02 1.621810e+05
1.2075186864e+02 1.659587e+05
1.2204282726e+02 1.698244e+05
1.2334906439e+02 1.737801e+05
1.2467075054e+02 1.778279e+05
1.2600805738e+02 1.819701e+05
1.2736115775e+02 1.862087e+05
1.2873022562e+02 1.905461e+05
1.3011543613e+02 1.949845e+05
1.3151696561e+02 1.995262e+05
1.3293499154e+02 2.041738e+05
1.3436969261e+02 2.089296e+05
1.3582124868e+02 2.137962e+05
1.3728984084e+02 2.187762e+05
1.3877565140e+02 2.238721e+05
1.4027886389e+02 2.290868e+05
1.4179966311e+02 2.344229e+05
1.4333823510e+02 2.398833e+05
1.4489476721e+02 2.454709e+05
1.4646944808e+02 2.511886e+05
1.4806246768e+02 2.570396e+05
1.4967401732e+02 2.630268e+05
1.5130428970e+02 2.691535e+05
1.5295347890e+02 2.754229e+05
1.5462178044e+02 2.818383e+05
1.5630939129e+02 2.884032e+05
1.5801650991e+02 2.951209e+05
1.5974333627e+02 3.019952e+05
1.6149007192e+02 3.090295e+05
1.6325691999e+02 3.162278e+05
1.6504408524e+02 3.235937e+05
1.6685177411e+02 3.311311e+05
1.6868019476e+02 3.388442e+05
1.7052955712e+02 3.467369e+05
1.7240007291e+02 3.548134e+05
1.7429195573e+02 3.630781e+05
1.7620542110e+02 3.715352e+05
1.7814068649e+02 3.801894e+05
1.8009797140e+02 3.890451e+05
1.8207749743e+02 3.981072e+05
1.8407948831e+02 4.073803e+05
1.8610416998e+02 4.168694e+05
1.8815177065e+02 4.265795e+05
1.9022252090e+02 4.365158e+05
1.9231665370e+02 4.466836e+05
1.9443440450e+02 4.570882e+05
1.9657601134e+02 4.677351e+05
1.9874171488e+02 4.786301e+05
2.0093175850e+02 4.897788e+05
2.0314638840e+02 5.011872e+05
2.0538585365e+02 5.128614e+05
2.0765040629e+02 5.248075e+05
2.0994030145e+02 5.370318e+05
2.1225579739e+02 5.495409e+05
2.1459715563e+02 5.623413e+05
2.1696464104e+02 5.754399e+05
2.1935852191e+02 5.888437e+05
2.2177907012e+02 6.025596e+05
2.2422656115e+02 6.165950e+05
2.2670127426e+02 6.309573e+05
2.2920349256e+02 6.456542e+05
2.3173350312e+02 6.606934e+05
2.3429159711e+02 6.760830e+05
2.3687806986e+02 6.918310e+05
2.3949322104e+02 7.079458e+05
2.4213735473e+02 7.244360e+05
2.4481077952e+02 7.413102e+05
2.4751380872e+02 7.585776e+05
2.5024676036e+02 7.762471e+05
2.5300995742e+02 7.943282e+05
2.5580372789e+02 8.128305e+05
2.5862840491e+02 8.317638e+05
2.6148432693e+02 8.511380e+05
2.6437183777e+02 8.709636e+05
2.6729128684e+02 8.912509e+05
2.7024302918e+02 9.120108e+05
2.7322742567e+02 9.332543e+05
2.7624484310e+02 9.549926e+05
2.7929565435e+02 9.772372e+05
2.8238023849e+02 1.000000e+06
2.8549898097e+02 1.023293e+06
2.8865227368e+02 1.047129e+06
2.9184051514e+02 1.071519e+06
2.9506411064e+02 1.096478e+06
2.9832347235e+02 1.122018e+06
3.0161901947e+02 1.148154e+06
3.0495117837e+02 1.174898e+06
3.0832038275e+02 1.202264e+06
3.1172707373e+02 1.230269e+06
3.1517170003e+02 1.258925e+06
3.1865471813e+02 1.288250e+06
3.2217659232e+02 1.318257e+06
3.2573779495e+02 1.348963e+06
3.2933880649e+02 1.380384e+06
3.3298011570e+02 1.412538e+06
3.3666221978e+02 1.445440e+06
3.4038562447e+02 1.479108e+06
3.4415084424e+02 1.513561e+06
3.4795840238e+02 1.548817e+06
3.5180883117e+02 1.584893e+06
3.5570267199e+02 1.621810e+06
3.5964047548e+02 1.659587e+06
3.6362280168e+02 1.698244e+06
3.6765022013e+02 1.737801e+06
3.7172331003e+02 1.778279e+06
3.7584266038e+02 1.819701e+06
3.8000887009e+02 1.862087e+06
3.8422254814e+02 1.905461e+06
3.8848431368e+02 1.949845e+06
3.9279479618e+02 1.995262e+06
3.9715463556e+02 2.041738e+06
4.0156448231e+02 2.089296e+06
4.0602499765e+02 2.137962e+06
4.1053685358e+02 2.187762e+06
4.1510073309e+02 2.238721e+06
4.1971733026e+02 2.290868e+06
4.2438735036e+02 2.344229e+06
4.2911151000e+02 2.398833e+06
4.3389053723e+02 2.454709e+06
4.3872517169e+02 2.511886e+06
4.4361616473e+02 2.570396e+06
4.4856427950e+02 2.630268e+06
4.5357029111e+02 2.691535e+06
4.5863498670e+02 2.754229e+06
4.6375916563e+02 2.818383e+06
4.6894363954e+02 2.884032e+06
4.7418923247e+02 2.951209e+06
4.7949678103e+02 3.019952e+06
4.8486713445e+02 3.090295e+06
4.9030115475e+02 3.162278e+06
4.9579971684e+02 3.235937e+06
5.0136370862e+02 3.311311e+06
5.0699403110e+02 3.388442e+06
5.1269159856e+02 3.467369e+06
5.1845733861e+02 3.548134e+06
5.2429219234e+02 3.630781e+06
5.3019711441e+02 3.715352e+06
5.3617307321e+02 3.801894e+06
5.4222105093e+02 3.890451e+06
5.4834204372e+02 3.981072e+06
5.5453706178e+02 4.073803e+06
5.6080712948e+02 4.168694e+06
5.6715328551e+02 4.265795e+06
5.7357658295e+02 4.365158e+06
5.8007808946e+02 4.466836e+06
5.8665888734e+02 4.570882e+06
5.9332007368e+02 4.677351e+06
6.0006276050e+02 4.786301e+06
6.0688807484e+02 4.897788e+06
6.1379715893e+02 5.011872e+06
6.2079117030e+02 5.128614e+06
6.2787128191e+02 5.248075e+06
6.3503868228e+02 5.370318e+06
6.4229457565e+02 5.495409e+06
6.4964018208e+02 5.623413e+06
6.5707673763e+02 5.754399e+06
6.6460549449e+02 5.888437e+06
6.7222772109e+02 6.025596e+06
6.7994470231e+02 6.165950e+06
6.8775773959e+02 6.309573e+06
6.9566815108e+02 6.456542e+06
7.0367727182e+02 6.606934e+06
7.1178645389e+02 6.760830e+06
7.1999706657e+02 6.918310e+06
7.2831049650e+02 7.079458e+06
7.3672814787e+02 7.244360e+06
7.4525144257e+02 7.413102e+06
7.5388182041e+02 7.585776e+06
7.6262073923e+02 7.762471e+06
7.7146967514e+02 7.943282e+06
7.8043012272e+02 8.128305e+06
7.8950359516e+02 8.317638e+06
7.9869162449e+02 8.511380e+06
8.0799576180e+02 8.709636e+06
8.1741757742e+02 8.912509e+06
8.2695866112e+02 9.120108e+06
8.3662062238e+02 9.332543e+06
8.4640509057e+02 9.549926e+06
8.5631371516e+02 9.772372e+06
8.6634816601e+02 1.000000e+07
8.7651013358e+02 1.023293e+07
8.8680132913e+02 1.047129e+07
8.9722348506e+02 1.071519e+07
9.0777835508e+02 1.096478e+07
9.1846771451e+02 1.122018e+07
9.2929336055e+02 1.148154e+07
9.4025711252e+02 1.174898e+07
9.5136081218e+02 1.202264e+07
9.6260632398e+02 1.230269e+07
9.7399553538e+02 1.258925e+07
9.8553035712e+02 1.288250e+07
9.9721272352e+02 1.318257e+07
1.0090445928e+03 1.348963e+07
1.0210279475e+03 1.380384e+07
1.0331647945e+03 1.412538e+07
1.0454571658e+03 1.445440e+07
1.0579071183e+03 1.479108e+07
1.0705167348e+03 1.513561e+07
1.0832881238e+03 1.548817e+07
1.0962234200e+03 1.584893e+07
1.1093247848e+03 1.621810e+07
1.1225944068e+03 1.659587e+07
1.1360345015e+03 1.698244e+07
1.1496473126e+03 1.737801e+07
1.1634351117e+03 1.778279e+07
1.1774001992e+03 1.819701e+07
1.1915449040e+03 1.862087e+07
1.2058715849e+03 1.905461e+07
1.2203826301e+03 1.949845e+07
1.2350804583e+03 1.995262e+07
1.2499675186e+03 2.041738e+07
1.2650462914e+03 2.089296e+07
1.2803192887e+03 2.137962e+07
1.2957890543e+03 2.187762e+07
1.3114581646e+03 2.238721e+07
1.3273292290e+03 2.290868e+07
1.3434048903e+03 2.344229e+07
1.3596878252e+03 2.398833e+07
1.3761807450e+03 2.454709e+07
1.3928863957e+03 2.511886e+07
1.4098075589e+03 2.570396e+07
1.4269470523e+03 2.630268e+07
1.4443077297e+03 2.691535e+07
1.4618924824e+03 2.754229e+07
1.4797042390e+03 2.818383e+07
1.4977459663e+03 2.884032e+07
1.5160206700e+03 2.951209e+07
1.5345313948e+03 3.019952e+07
1.5532812255e+03 3.090295e+07
1.5722732871e+03 3.162278e+07
1.5915107458e+03 3.235937e+07
1.6109968093e+03 3.311311e+07
1.6307347279e+03 3.388442e+07
1.6507277943e+03 3.467369e+07
1.6709793449e+03 3.548134e+07
1.6914927604e+03 3.630781e+07
1.7122714661e+03 3.715352e+07
1.7333189326e+03 3.801894e+07
1.7546386769e+03 3.890451e+07
1.7762342625e+03 3.981072e+07
1.7981093005e+03 4.073803e+07
1.8202674501e+03 4.168694e+07
1.8427124192e+03 4.265795e+07
1.8654479653e+03 4.365158e+07
1.8884778963e+03 4.466836e+07
1.9118060708e+03 4.570882e+07
1.9354363992e+03 4.677351e+07
1.9593728443e+03 4.786301e+07
1.9836194223e+03 4.897788e+07
2.0081802030e+03 5.011872e+07
2.0330593112e+03 5.128614e+07
2.0582609271e+03 5.248075e+07
2.0837892869e+03 5.370318e+07
2.1096486844e+03 5.495409e+07
2.1358434709e+03 5.623413e+07
2.1623780564e+03 5.754399e+07
2.1892569107e+03 5.888437e+07
2.2164845637e+03 6.025596e+07
2.2440656066e+03 6.165950e+07
2.2720046926e+03 6.309573e+07
2.3003065380e+03 6.456542e+07
2.3289759228e+03 6.606934e+07
2.3580176917e+03 6.760830e+07
2.3874367551e+03 6.918310e+07
2.4172380897e+03 7.079458e+07
2.4474267398e+03 7.244360e+07
2.4780078182e+03 7.413102e+07
2.5089865067e+03 7.585776e+07
2.5403680578e+03 7.762471e+07
2.5721577948e+03 7.943282e+07
2.6043611135e+03 8.128305e+07
2.6369834829e+03 8.317638e+07
2.6700304463e+03 8.511380e+07
2.7035076220e+03 8.709636e+07
2.7374207049e+03 8.912509e+07
2.7717754671e+03 9.120108e+07
2.8065777590e+03 9.332543e+07
2.8418335106e+03 9.549926e+07
2.8775487324e+03 9.772372e+07
2.9137295166e+03 1.000000e+08
2.9503820381e+03 1.023293e+08
2.9875125557e+03 1.047129e+08
3.0251274135e+03 1.071519e+08
3.0632330414e+03 1.096478e+08
3.1018359569e+03 1.122018e+08
3.1409427661e+03 1.148154e+08
3.1805601647e+03 1.174898e+08
3.2206949397e+03 1.202264e+08
3.2613539700e+03 1.230269e+08
3.3025442282e+03 1.258925e+08
3.3442727815e+03 1.288250e+08
3.3865467933e+03 1.318257e+08
3.4293735243e+03 1.348963e+08
3.4727603338e+03 1.380384e+08
3.5167146813e+03 1.412538e+08
3.5612441273e+03 1.445440e+08
3.6063563355e+03 1.479108e+08
3.6520590734e+03 1.513561e+08
3.6983602142e+03 1.548817e+08
3.7452677381e+03 1.584893e+08
3.7927897336e+03 1.621810e+08
3.8409343993e+03 1.659587e+08
3.8897100451e+03 1.698244e+08
3.9391250938e+03 1.737801e+08
3.9891880827e+03 1.778279e+08
4.0399076650e+03 1.819701e+08
4.0912926116e+03 1.862087e+08
4.1433518125e+03 1.905461e+08
4.1960942785e+03 1.949845e+08
4.2495291429e+03 1.995262e+08
4.3036656630e+03 2.041738e+08
4.3585132220e+03 2.089296e+08
4.4140813303e+03 2.137962e+08
4.4703796279e+03 2.187762e+08
4.5274178856e+03 2.238721e+08
4.5852060070e+03 2.290868e+08
4.6437540302e+03 2.344229e+08
4.7030721297e+03 2.398833e+08
4.7631706184e+03 2.454709e+08
4.8240599491e+03 2.511886e+08
4.8857507169e+03 2.570396e+08
4.9482536607e+03 2.630268e+08
5.0115796655e+03 2.691535e+08
5.0757397639e+03 2.754229e+08
5.1407451388e+03 2.818383e+08
5.2066071250e+03 2.884032e+08
5.2733372112e+03 2.951209e+08
5.3409470424e+03 3.019952e+08
5.4094484219e+03 3.090295e+08
5.4788533133e+03 3.162278e+08
5.5491738430e+03 3.235937e+08
5.6204223022e+03 3.311311e+08
5.6926111491e+03 3.388442e+08
5.7657530115e+03 3.467369e+08
5.8398606886e+03 3.548134e+08
5.9149471540e+03 3.630781e+08
5.9910255574e+03 3.715352e+08
6.0681092276e+03 3.801894e+08
6.1462116744e+03 3.890451e+08
6.2253465916e+03 3.981072e+08
6.3055278590e+03 4.073803e+08
6.3867695456e+03 4.168694e+08
6.4690859113e+03 4.265795e+08
6.5524914105e+03 4.365158e+08
6.6370006938e+03 4.466836e+08
6.7226286116e+03 4.570882e+08
6.8093902161e+03 4.677351e+08
6.8973007643e+03 4.786301e+08
6.9863757210e+03 4.897788e+08
7.0766307615e+03 5.011872e+08
7.1680817744e+03 5.128614e+08
7.2607448647e+03 5.248075e+08
7.3546363564e+03 5.370318e+08
7.4497727961e+03 5.495409e+08
7.5461709555e+03 5.623413e+08
7.6438478347e+03 5.754399e+08
7.7428206654e+03 5.888437e+08
7.8431069139e+03 6.025596e+08
7.9447242845e+03 6.165950e+08
8.0476907227e+03 6.309573e+08
8.1520244183e+03 6.456542e+08
8.2577438090e+03 6.606934e+08
8.3648675839e+03 6.760830e+08
8.4734146866e+03 6.918310e+08
8.5834043188e+03 7.079458e+08
8.6948559441e+03 7.244360e+08
8.8077892913e+03 7.413102e+08
8.9222243580e+03 7.585776e+08
9.0381814146e+03 7.762471e+08
9.1556810079e+03 7.943282e+08
9.2747439646e+03 8.128305e+08
9.3953913956e+03 8.317638e+08
9.5176446997e+03 8.511380e+08
9.6415255675e+03 8.709636e+08
9.7670559854e+03 8.912509e+08
9.8942582396e+03 9.120108e+08
1.0023154921e+04 9.332543e+08
1.0153768927e+04 9.549926e+08
1.0286123470e+04 9.772372e+08
1.0420242077e+04 1.000000e+09
1.0556148597e+04 1.023293e+09
1.0693867204e+04 1.047129e+09
1.0833422403e+04 1.071519e+09
1.0974839031e+04 1.096478e+09
1.1118142268e+04 1.122018e+09
1.1263357634e+04 1.148154e+09
1.1410510999e+04 1.174898e+09
1.1559628587e+04 1.202264e+09
1.1710736979e+04 1.230269e+09
1.1863863118e+04 1.258925e+09
1.2019034319e+04 1.288250e+09
1.2176278265e+04 1.318257e+09
1.2335623020e+04 1.348963e+09
1.2497097032e+04 1.380384e+09
1.2660729135e+04 1.412538e+09
1.2826548560e+04 1.445440e+09
1.2994584935e+04 1.479108e+09
1.3164868294e+04 1.513561e+09
1.3337429082e+04 1.548817e+09
1.3512298158e+04 1.584893e+09
1.3689506806e+04 1.621810e+09
1.3869086734e+04 1.659587e+09
1.4051070087e+04 1.698244e+09
1.4235489447e+04 1.737801e+09
1.4422377842e+04 1.778279e+09
1.4611768752e+04 1.819701e+09
1.4803696115e+04 1.862087e+09
1.4998194334e+04 1.905461e+09
1.5195298279e+04 1.949845e+09
1.5395043302e+04 1.995262e+09
1.5597465234e+04 2.041738e+09
1.5802600399e+04 2.089296e+09
1.6010485617e+04 2.137962e+09
1.6221158212e+04 2.187762e+09
1.6434656018e+04 2.238721e+09
1.6651017389e+04 2.290868e+09
1.6870281200e+04 2.344229e+09
1.7092486862e+04 2.398833e+09
1.7317674323e+04 2.454709e+09
1.7545884079e+04 2.511886e+09
1.7777157179e+04 2.570396e+09
1.8011535236e+04 2.630268e+09
1.8249060430e+04 2.691535e+09
1.8489775522e+04 2.754229e+09
1.8733723855e+04 2.818383e+09
1.8980949369e+04 2.884032e+09
1.9231496602e+04 2.951209e+09
1.9485410706e+04 3.019952e+09
1.9742737448e+04 3.090295e+09
2.0003523223e+04 3.162278e+09
2.0267815064e+04 3.235937e+09
2.0535660644e+04 3.311311e+09
2.0807108292e+04 3.388442e+09
2.1082207000e+04 3.467369e+09
2.1361006428e+04 3.548134e+09
2.1643556920e+04 3.630781e+09
2.1929909507e+04 3.715352e+09
2.2220115922e+04 3.801894e+09
2.2514228605e+04 3.890451e+09
2.2812300716e+04 3.981072e+09
2.3114386143e+04 4.073803e+09
2.3420539515e+04 4.168694e+09
2.3730816205e+04 4.265795e+09
2.4045272351e+04 4.365158e+09
2.4363964858e+04 4.466836e+09
2.4686951409e+04 4.570882e+09
2.5014290483e+04 4.677351e+09
2.5346041357e+04 4.786301e+09
2.5682264124e+04 4.897788e+09
2.6023019698e+04 5.011872e+09
2.6368369831e+04 5.128614e+09
2.6718377121e+04 5.248075e+09
2.7073105026e+04 5.370318e+09
2.7432617873e+04 5.495409e+09
2.7796980873e+04 5.623413e+09
2.8166260131e+04 5.754399e+09
2.8540522658e+04 5.888437e+09
2.8919836388e+04 6.025596e+09
2.9304270184e+04 6.165950e+09
2.9693893856e+04 6.309573e+09
3.0088778171e+04 6.456542e+09
3.0488994867e+04 6.606934e+09
3.0894616669e+04 6.760830e+09
3.1305717299e+04 6.918310e+09
3.1722371490e+04 7.079458e+09
3.2144655003e+04 7.244360e+09
3.2572644639e+04 7.413102e+09
3.3006418252e+04 7.585776e+09
3.3446054766e+04 7.762471e+09
3.3891634190e+04 7.943282e+09
3.4343237630e+04 8.128305e+09
3.4800947306e+04 8.317638e+09
3.5264846570e+04 8.511380e+09
3.5735019916e+04 8.709636e+09
3.6211552999e+04 8.912509e+09
3.6694532653e+04 9.120108e+09
3.7184046901e+04 9.332543e+09
3.7680184980e+04 9.549926e+09
3.8183037350e+04 9.772372e+09
3.8692695714e+04 1.000000e+10
3.9209253037e+04 1.023293e+10
3.9732803559e+04 1.047129e+10
4.0263442819e+04 1.071519e+10
4.0801267665e+04 1.096478e+10
4.1346376278e+04 1.122018e+10
4.1898868188e+04 1.148154e+10
4.2458844295e+04 1.174898e+10
4.3026406883e+04 1.202264e+10
4.3601659644e+04 1.230269e+10
4.4184707695e+04 1.258925e+10
4.4775657600e+04 1.288250e+10
4.5374617385e+04 1.318257e+10
4.5981696564e+04 1.348963e+10
4.6597006156e+04 1.380384e+10
4.7220658707e+04 1.412538e+10
4.7852768310e+04 1.445440e+10
4.8493450628e+04 1.479108e+10
4.9142822914e+04 1.513561e+10
4.9801004036e+04 1.548817e+10
5.0468114493e+04 1.584893e+10
5.1144276447e+04 1.621810e+10
5.1829613735e+04 1.659587e+10
5.2524251901e+04 1.698244e+10
5.3228318216e+04 1.737801e+10
5.3941941701e+04 1.778279e+10
5.4665253153e+04 1.819701e+10
5.5398385169e+04 1.862087e+10
5.6141472170e+04 1.905461e+10
5.6894650428e+04 1.949845e+10
5.7658058089e+04 1.995262e+10
5.8431835200e+04 2.041738e+10
5.9216123738e+04 2.089296e+10
6.0011067632e+04 2.137962e+10
6.0816812793e+04 2.187762e+10
6.1633507139e+04 2.238721e+10
6.2461300627e+04 2.290868e+10
6.3300345278e+04 2.344229e+10
6.4150795203e+04 2.398833e+10
6.5012806637e+04 2.454709e+10
6.5886537967e+04 2.511886e+10
6.6772149760e+04 2.570396e+10
6.7669804794e+04 2.630268e+10
6.8579668088e+04 2.691535e+10
6.9501906933e+04 2.754229e+10
7.0436690927e+04 2.818383e+10
7.1384192001e+04 2.884032e+10
7.2344584455e+04 2.951209e+10
7.3318044989e+04 3.019952e+10
7.4304752738e+04 3.090295e+10
7.5304889304e+04 3.162278e+10
7.6318638791e+04 3.235937e+10
7.7346187839e+04 3.311311e+10
7.8387725661e+04 3.388442e+10
7.9443444073e+04 3.467369e+10
8.0513537537e+04 3.548134e+10
8.1598203195e+04 3.630781e+10
8.2697640902e+04 3.715352e+10
8.3812053271e+04 3.801894e+10
8.4941645705e+04 3.890451e+10
8.6086626437e+04 3.981072e+10
8.7247206571e+04 4.073803e+10
8.8423600121e+04 4.168694e+10
8.9616024049e+04 4.265795e+10
9.0824698309e+04 4.365158e+10
9.2049845886e+04 4.466836e+10
9.3291692840e+04 4.570882e+10
9.4550468345e+04 4.677351e+10
9.5826404737e+04 4.786301e+10
9.7119737553e+04 4.897788e+10
9.8430705578e+04 5.011872e+10
9.9759550889e+04 5.128614e+10
1.0110651890e+05 5.248075e+10
1.0247185841e+05 5.370318e+10
1.0385582166e+05 5.495409e+10
1.0525866434e+05 5.623413e+10
1.0668064569e+05 5.754399e+10
1.0812202852e+05 5.888437e+10
1.0958307927e+05 6.025596e+10
1.1106406804e+05 6.165950e+10
1.1256526867e+05 6.309573e+10
1.1408695876e+05 6.456542e+10
1.1562941976e+05 6.606934e+10
1.1719293699e+05 6.760830e+10
1.1877779970e+05 6.918310e+10
1.2038430115e+05 7.079458e+10
1.2201273863e+05 7.244360e+10
1.2366341353e+05 7.413102e+10
1.2533663141e+05 7.585776e+10
1.2703270203e+05 7.762471e+10
1.2875193944e+05 7.943282e+10
1.3049466202e+05 8.128305e+10
1.3226119253e+05 8.317638e+10
1.3405185821e+05 8.511380e+10
1.3586699077e+05 8.709636e+10
1.3770692656e+05 8.912509e+10
1.3957200651e+05 9.120108e+10
1.4146257631e+05 9.332543e+10
1.4337898637e+05 9.549926e+10
1.4532159198e+05 9.772372e+10
1.4729075331e+05 1.000000e+11
1.4928683551e+05 1.023293e+11
1.5131020876e+05 1.047129e+11
1.5336124836e+05 1.071519e+11
1.5544033479e+05 1.096478e+11
1.5754785378e+05 1.122018e+11
1.5968419639e+05 1.148154e+11
1.6184975907e+05 1.174898e+11
1.6404494374e+05 1.202264e+11
1.6627015790e+05 1.230269e+11
1.6852581464e+05 1.258925e+11
1.7081233276e+05 1.288250e+11
1.7313013687e+05 1.318257e+11
1.7547965742e+05 1.348963e+11
1.7786133080e+05 1.380384e+11
1.8027559945e+05 1.412538e+11
1.8272291189e+05 1.445440e+11
1.8520372285e+05 1.479108e+11
1.8771849336e+05 1.513561e+11
1.9026769078e+05 1.548817e+11
1.9285178894e+05 1.584893e+11
1.9547126824e+05 1.621810e+11
1.9812661567e+05 1.659587e+11
2.0081832499e+05 1.698244e+11
2.0354689674e+05 1.737801e+11
2.0631283842e+05 1.778279e+11
2.0911666450e+05 1.819701e+11
2.1195889658e+05 1.862087e+11
2.1484006346e+05 1.905461e+11
2.1776070125e+05 1.949845e+11
2.2072135346e+05 1.995262e+11
2.2372257112e+05 2.041738e+11
2.2676491286e+05 2.089296e+11
2.2984894503e+05 2.137962e+11
2.3297524183e+05 2.187762e+11
2.3614438537e+05 2.238721e+11
2.3935696580e+05 2.290868e+11
2.4261358145e+05 2.344229e+11
2.4591483890e+05 2.398833e+11
2.4926135312e+05 2.454709e+11
2.5265374757e+05 2.511886e+11
2.5609265435e+05 2.570396e+11
2.5957871427e+05 2.630268e+11
2.6311257702e+05 2.691535e+11
2.6669490124e+05 2.754229e+11
2.7032635471e+05 2.818383e+11
2.7400761442e+05 2.884032e+11
2.7773936671e+05 2.951209e+11
2.8152230744e+05 3.019952e+11
2.8535714206e+05 3.090295e+11
2.8924458578e+05 3.162278e+11
2.9318536370e+05 3.235937e+11
2.9718021095e+05 3.311311e+11
3.0122987282e+05 3.388442e+11
3.0533510491e+05 3.467369e+11
3.0949667324e+05 3.548134e+11
3.1371535446e+05 3.630781e+11
3.1799193594e+05 3.715352e+11
3.2232721594e+05 3.801894e+11
3.2672200375e+05 3.890451e+11
3.3117711987e+05 3.981072e+11
3.3569339613e+05 4.073803e+11
3.4027167587e+05 4.168694e+11
3.4491281410e+05 4.265795e+11
3.4961767764e+05 4.365158e+11
3.5438714530e+05 4.466836e+11
3.5922210807e+05 4.570882e+11
3.6412346923e+05 4.677351e+11
3.6909214458e+05 4.786301e+11
3.7412906256e+05 4.897788e+11
3.7923516448e+05 5.011872e+11
3.8441140465e+05 5.128614e+11
3.8965875059e+05 5.248075e+11
3.9497818321e+05 5.370318e+11
4.0037069699e+05 5.495409e+11
4.0583730014e+05 5.623413e+11
4.1137901486e+05 5.754399e+11
4.1699687745e+05 5.888437e+11
4.2269193858e+05 6.025596e+11
4.2846526345e+05 6.165950e+11
4.3431793198e+05 6.309573e+11
4.4025103906e+05 6.456542e+11
4.4626569469e+05 6.606934e+11
4.5236302427e+05 6.760830e+11
4.5854416875e+05 6.918310e+11
4.6481028488e+05 7.079458e+11
4.7116254540e+05 7.244360e+11
4.7760213929e+05 7.413102e+11
4.8413027198e+05 7.585776e+11
4.9074816559e+05 7.762471e+11
4.9745705914e+05 7.943282e+11
5.0425820881e+05 8.128305e+11
5.1115288816e+05 8.317638e+11
5.1814238836e+05 8.511380e+11
5.2522801849e+05 8.709636e+11
5.3241110570e+05 8.912509e+11
5.3969299556e+05 9.120108e+11
5.4707505221e+05 9.332543e+11
5.5455865872e+05 9.549926e+11
5.6214521728e+05 9.772372e+11
5.6983614950e+05 1.000000e+12
