rho (g/cm^-3)	P (GPa)
4.1000010000e+00 1.000000e-08
4.1000010000e+00 1.023293e-08
4.1000010000e+00 1.047129e-08
4.1000010000e+00 1.071519e-08
4.1000010000e+00 1.096478e-08
4.1000010000e+00 1.122018e-08
4.1000010000e+00 1.148154e-08
4.1000010000e+00 1.174898e-08
4.1000010000e+00 1.202264e-08
4.1000010000e+00 1.230269e-08
4.1000010000e+00 1.258925e-08
4.1000010000e+00 1.288250e-08
4.1000010000e+00 1.318257e-08
4.1000010000e+00 1.348963e-08
4.1000010000e+00 1.380384e-08
4.1000010000e+00 1.412538e-08
4.1000010000e+00 1.445440e-08
4.1000010000e+00 1.479108e-08
4.1000010000e+00 1.513561e-08
4.1000010000e+00 1.548817e-08
4.1000010000e+00 1.584893e-08
4.1000010000e+00 1.621810e-08
4.1000010000e+00 1.659587e-08
4.1000010000e+00 1.698244e-08
4.1000010000e+00 1.737801e-08
4.1000010000e+00 1.778279e-08
4.1000010000e+00 1.819701e-08
4.1000010000e+00 1.862087e-08
4.1000010000e+00 1.905461e-08
4.1000010000e+00 1.949845e-08
4.1000010000e+00 1.995262e-08
4.1000010000e+00 2.041738e-08
4.1000010000e+00 2.089296e-08
4.1000010000e+00 2.137962e-08
4.1000010000e+00 2.187762e-08
4.1000010000e+00 2.238721e-08
4.1000010000e+00 2.290868e-08
4.1000010000e+00 2.344229e-08
4.1000010000e+00 2.398833e-08
4.1000010000e+00 2.454709e-08
4.1000010000e+00 2.511886e-08
4.1000010000e+00 2.570396e-08
4.1000010000e+00 2.630268e-08
4.1000010000e+00 2.691535e-08
4.1000010000e+00 2.754229e-08
4.1000010000e+00 2.818383e-08
4.1000010000e+00 2.884032e-08
4.1000010000e+00 2.951209e-08
4.1000010000e+00 3.019952e-08
4.1000010000e+00 3.090295e-08
4.1000010000e+00 3.162278e-08
4.1000010000e+00 3.235937e-08
4.1000010000e+00 3.311311e-08
4.1000010000e+00 3.388442e-08
4.1000010000e+00 3.467369e-08
4.1000010000e+00 3.548134e-08
4.1000010000e+00 3.630781e-08
4.1000010000e+00 3.715352e-08
4.1000010000e+00 3.801894e-08
4.1000010000e+00 3.890451e-08
4.1000010000e+00 3.981072e-08
4.1000010000e+00 4.073803e-08
4.1000010000e+00 4.168694e-08
4.1000010000e+00 4.265795e-08
4.1000010000e+00 4.365158e-08
4.1000010000e+00 4.466836e-08
4.1000010000e+00 4.570882e-08
4.1000010000e+00 4.677351e-08
4.1000010000e+00 4.786301e-08
4.1000010000e+00 4.897788e-08
4.1000010000e+00 5.011872e-08
4.1000010000e+00 5.128614e-08
4.1000010000e+00 5.248075e-08
4.1000010000e+00 5.370318e-08
4.1000010000e+00 5.495409e-08
4.1000010000e+00 5.623413e-08
4.1000010000e+00 5.754399e-08
4.1000010000e+00 5.888437e-08
4.1000010000e+00 6.025596e-08
4.1000010000e+00 6.165950e-08
4.1000010000e+00 6.309573e-08
4.1000010000e+00 6.456542e-08
4.1000010000e+00 6.606934e-08
4.1000010000e+00 6.760830e-08
4.1000010000e+00 6.918310e-08
4.1000010000e+00 7.079458e-08
4.1000010000e+00 7.244360e-08
4.1000010000e+00 7.413102e-08
4.1000010000e+00 7.585776e-08
4.1000010000e+00 7.762471e-08
4.1000010000e+00 7.943282e-08
4.1000010000e+00 8.128305e-08
4.1000010000e+00 8.317638e-08
4.1000010000e+00 8.511380e-08
4.1000010000e+00 8.709636e-08
4.1000010000e+00 8.912509e-08
4.1000010000e+00 9.120108e-08
4.1000010000e+00 9.332543e-08
4.1000010000e+00 9.549926e-08
4.1000010000e+00 9.772372e-08
4.1000010000e+00 1.000000e-07
4.1000010000e+00 1.023293e-07
4.1000010000e+00 1.047129e-07
4.1000010000e+00 1.071519e-07
4.1000010000e+00 1.096478e-07
4.1000010000e+00 1.122018e-07
4.1000010000e+00 1.148154e-07
4.1000010000e+00 1.174898e-07
4.1000010000e+00 1.202264e-07
4.1000010000e+00 1.230269e-07
4.1000010000e+00 1.258925e-07
4.1000010000e+00 1.288250e-07
4.1000010000e+00 1.318257e-07
4.1000010000e+00 1.348963e-07
4.1000010000e+00 1.380384e-07
4.1000010000e+00 1.412538e-07
4.1000010000e+00 1.445440e-07
4.1000010000e+00 1.479108e-07
4.1000010000e+00 1.513561e-07
4.1000010000e+00 1.548817e-07
4.1000010000e+00 1.584893e-07
4.1000010000e+00 1.621810e-07
4.1000010000e+00 1.659587e-07
4.1000010000e+00 1.698244e-07
4.1000010000e+00 1.737801e-07
4.1000010000e+00 1.778279e-07
4.1000010000e+00 1.819701e-07
4.1000010000e+00 1.862087e-07
4.1000010000e+00 1.905461e-07
4.1000010000e+00 1.949845e-07
4.1000010000e+00 1.995262e-07
4.1000010000e+00 2.041738e-07
4.1000010000e+00 2.089296e-07
4.1000010000e+00 2.137962e-07
4.1000010000e+00 2.187762e-07
4.1000010000e+00 2.238721e-07
4.1000010000e+00 2.290868e-07
4.1000010000e+00 2.344229e-07
4.1000010000e+00 2.398833e-07
4.1000010000e+00 2.454709e-07
4.1000010000e+00 2.511886e-07
4.1000010000e+00 2.570396e-07
4.1000010000e+00 2.630268e-07
4.1000010000e+00 2.691535e-07
4.1000010000e+00 2.754229e-07
4.1000010000e+00 2.818383e-07
4.1000010000e+00 2.884032e-07
4.1000010000e+00 2.951209e-07
4.1000010000e+00 3.019952e-07
4.1000010000e+00 3.090295e-07
4.1000010000e+00 3.162278e-07
4.1000010000e+00 3.235937e-07
4.1000010000e+00 3.311311e-07
4.1000010000e+00 3.388442e-07
4.1000010000e+00 3.467369e-07
4.1000010000e+00 3.548134e-07
4.1000010000e+00 3.630781e-07
4.1000010000e+00 3.715352e-07
4.1000010000e+00 3.801894e-07
4.1000010000e+00 3.890451e-07
4.1000010000e+00 3.981072e-07
4.1000010000e+00 4.073803e-07
4.1000010000e+00 4.168694e-07
4.1000010000e+00 4.265795e-07
4.1000010000e+00 4.365158e-07
4.1000010000e+00 4.466836e-07
4.1000010000e+00 4.570882e-07
4.1000010000e+00 4.677351e-07
4.1000010000e+00 4.786301e-07
4.1000010000e+00 4.897788e-07
4.1000010000e+00 5.011872e-07
4.1000010000e+00 5.128614e-07
4.1000010000e+00 5.248075e-07
4.1000010000e+00 5.370318e-07
4.1000010000e+00 5.495409e-07
4.1000010000e+00 5.623413e-07
4.1000010000e+00 5.754399e-07
4.1000010000e+00 5.888437e-07
4.1000010000e+00 6.025596e-07
4.1000010000e+00 6.165950e-07
4.1000010000e+00 6.309573e-07
4.1000010000e+00 6.456542e-07
4.1000010000e+00 6.606934e-07
4.1000010000e+00 6.760830e-07
4.1000010000e+00 6.918310e-07
4.1000010000e+00 7.079458e-07
4.1000010000e+00 7.244360e-07
4.1000010000e+00 7.413102e-07
4.1000010000e+00 7.585776e-07
4.1000010000e+00 7.762471e-07
4.1000010000e+00 7.943282e-07
4.1000010000e+00 8.128305e-07
4.1000010000e+00 8.317638e-07
4.1000010000e+00 8.511380e-07
4.1000010000e+00 8.709636e-07
4.1000010000e+00 8.912509e-07
4.1000010000e+00 9.120108e-07
4.1000010000e+00 9.332543e-07
4.1000010000e+00 9.549926e-07
4.1000010000e+00 9.772372e-07
4.1000010000e+00 1.000000e-06
4.1000010000e+00 1.023293e-06
4.1000010000e+00 1.047129e-06
4.1000010000e+00 1.071519e-06
4.1000010000e+00 1.096478e-06
4.1000010000e+00 1.122018e-06
4.1000010000e+00 1.148154e-06
4.1000010000e+00 1.174898e-06
4.1000010000e+00 1.202264e-06
4.1000010000e+00 1.230269e-06
4.1000010000e+00 1.258925e-06
4.1000010000e+00 1.288250e-06
4.1000010000e+00 1.318257e-06
4.1000010000e+00 1.348963e-06
4.1000010000e+00 1.380384e-06
4.1000010000e+00 1.412538e-06
4.1000010000e+00 1.445440e-06
4.1000010000e+00 1.479108e-06
4.1000010000e+00 1.513561e-06
4.1000010000e+00 1.548817e-06
4.1000010000e+00 1.584893e-06
4.1000010000e+00 1.621810e-06
4.1000010000e+00 1.659587e-06
4.1000010000e+00 1.698244e-06
4.1000010000e+00 1.737801e-06
4.1000010000e+00 1.778279e-06
4.1000010000e+00 1.819701e-06
4.1000010000e+00 1.862087e-06
4.1000010000e+00 1.905461e-06
4.1000010000e+00 1.949845e-06
4.1000010000e+00 1.995262e-06
4.1000010000e+00 2.041738e-06
4.1000010000e+00 2.089296e-06
4.1000010000e+00 2.137962e-06
4.1000010000e+00 2.187762e-06
4.1000010000e+00 2.238721e-06
4.1000010000e+00 2.290868e-06
4.1000010000e+00 2.344229e-06
4.1000010000e+00 2.398833e-06
4.1000010000e+00 2.454709e-06
4.1000010000e+00 2.511886e-06
4.1000010000e+00 2.570396e-06
4.1000010000e+00 2.630268e-06
4.1000010000e+00 2.691535e-06
4.1000010000e+00 2.754229e-06
4.1000010000e+00 2.818383e-06
4.1000010000e+00 2.884032e-06
4.1000010000e+00 2.951209e-06
4.1000010000e+00 3.019952e-06
4.1000010000e+00 3.090295e-06
4.1000010000e+00 3.162278e-06
4.1000010000e+00 3.235937e-06
4.1000010000e+00 3.311311e-06
4.1000010000e+00 3.388442e-06
4.1000010000e+00 3.467369e-06
4.1000010000e+00 3.548134e-06
4.1000010000e+00 3.630781e-06
4.1000010000e+00 3.715352e-06
4.1000010000e+00 3.801894e-06
4.1000010000e+00 3.890451e-06
4.1000010000e+00 3.981072e-06
4.1000010000e+00 4.073803e-06
4.1000010000e+00 4.168694e-06
4.1000010000e+00 4.265795e-06
4.1000010000e+00 4.365158e-06
4.1000010000e+00 4.466836e-06
4.1000010000e+00 4.570882e-06
4.1000010000e+00 4.677351e-06
4.1000010000e+00 4.786301e-06
4.1000010000e+00 4.897788e-06
4.1000010000e+00 5.011872e-06
4.1000010000e+00 5.128614e-06
4.1000010000e+00 5.248075e-06
4.1000010000e+00 5.370318e-06
4.1000010000e+00 5.495409e-06
4.1000010000e+00 5.623413e-06
4.1000010000e+00 5.754399e-06
4.1000010000e+00 5.888437e-06
4.1000010000e+00 6.025596e-06
4.1000010000e+00 6.165950e-06
4.1000010000e+00 6.309573e-06
4.1000010000e+00 6.456542e-06
4.1000010000e+00 6.606934e-06
4.1000010000e+00 6.760830e-06
4.1000010000e+00 6.918310e-06
4.1000010000e+00 7.079458e-06
4.1000010000e+00 7.244360e-06
4.1000010000e+00 7.413102e-06
4.1000010000e+00 7.585776e-06
4.1000010000e+00 7.762471e-06
4.1000010000e+00 7.943282e-06
4.1000010000e+00 8.128305e-06
4.1000010000e+00 8.317638e-06
4.1000010000e+00 8.511380e-06
4.1000010000e+00 8.709636e-06
4.1000010000e+00 8.912509e-06
4.1000010000e+00 9.120108e-06
4.1000010000e+00 9.332543e-06
4.1000010000e+00 9.549926e-06
4.1000010000e+00 9.772372e-06
4.1000010000e+00 1.000000e-05
4.1000010000e+00 1.023293e-05
4.1000010000e+00 1.047129e-05
4.1000010000e+00 1.071519e-05
4.1000010000e+00 1.096478e-05
4.1000010000e+00 1.122018e-05
4.1000010000e+00 1.148154e-05
4.1000010000e+00 1.174898e-05
4.1000010000e+00 1.202264e-05
4.1000010000e+00 1.230269e-05
4.1000010000e+00 1.258925e-05
4.1000010000e+00 1.288250e-05
4.1000010000e+00 1.318257e-05
4.1000010000e+00 1.348963e-05
4.1000010000e+00 1.380384e-05
4.1000010000e+00 1.412538e-05
4.1000010000e+00 1.445440e-05
4.1000010000e+00 1.479108e-05
4.1000010000e+00 1.513561e-05
4.1000010000e+00 1.548817e-05
4.1000010000e+00 1.584893e-05
4.1000010000e+00 1.621810e-05
4.1000010000e+00 1.659587e-05
4.1000010000e+00 1.698244e-05
4.1000010000e+00 1.737801e-05
4.1000010000e+00 1.778279e-05
4.1000010000e+00 1.819701e-05
4.1000010000e+00 1.862087e-05
4.1000010000e+00 1.905461e-05
4.1000010000e+00 1.949845e-05
4.1000010000e+00 1.995262e-05
4.1000010000e+00 2.041738e-05
4.1000010000e+00 2.089296e-05
4.1000010000e+00 2.137962e-05
4.1000010000e+00 2.187762e-05
4.1000010000e+00 2.238721e-05
4.1000010000e+00 2.290868e-05
4.1000010000e+00 2.344229e-05
4.1000010000e+00 2.398833e-05
4.1000010000e+00 2.454709e-05
4.1000010000e+00 2.511886e-05
4.1000010000e+00 2.570396e-05
4.1000010000e+00 2.630268e-05
4.1000010000e+00 2.691535e-05
4.1000010000e+00 2.754229e-05
4.1000010000e+00 2.818383e-05
4.1000010000e+00 2.884032e-05
4.1000010000e+00 2.951209e-05
4.1000010000e+00 3.019952e-05
4.1000010000e+00 3.090295e-05
4.1000010000e+00 3.162278e-05
4.1000010000e+00 3.235937e-05
4.1000010000e+00 3.311311e-05
4.1000010000e+00 3.388442e-05
4.1000010000e+00 3.467369e-05
4.1000010000e+00 3.548134e-05
4.1000010000e+00 3.630781e-05
4.1000010000e+00 3.715352e-05
4.1000010000e+00 3.801894e-05
4.1000010000e+00 3.890451e-05
4.1000010000e+00 3.981072e-05
4.1000010000e+00 4.073803e-05
4.1000010000e+00 4.168694e-05
4.1000010000e+00 4.265795e-05
4.1000010000e+00 4.365158e-05
4.1000010000e+00 4.466836e-05
4.1000010000e+00 4.570882e-05
4.1000010000e+00 4.677351e-05
4.1000010000e+00 4.786301e-05
4.1000010000e+00 4.897788e-05
4.1000010000e+00 5.011872e-05
4.1000010000e+00 5.128614e-05
4.1000010000e+00 5.248075e-05
4.1000010000e+00 5.370318e-05
4.1000010000e+00 5.495409e-05
4.1000010000e+00 5.623413e-05
4.1000010000e+00 5.754399e-05
4.1000010000e+00 5.888437e-05
4.1000010003e+00 6.025596e-05
4.1000010335e+00 6.165950e-05
4.1000010667e+00 6.309573e-05
4.1000010999e+00 6.456542e-05
4.1000011332e+00 6.606934e-05
4.1000011664e+00 6.760830e-05
4.1000011996e+00 6.918310e-05
4.1000012328e+00 7.079458e-05
4.1000012660e+00 7.244360e-05
4.1000012993e+00 7.413102e-05
4.1000013325e+00 7.585776e-05
4.1000013657e+00 7.762471e-05
4.1000013989e+00 7.943282e-05
4.1000014321e+00 8.128305e-05
4.1000014654e+00 8.317638e-05
4.1000014986e+00 8.511380e-05
4.1000015318e+00 8.709636e-05
4.1000015650e+00 8.912509e-05
4.1000015982e+00 9.120108e-05
4.1000016315e+00 9.332543e-05
4.1000016647e+00 9.549926e-05
4.1000016979e+00 9.772372e-05
4.1000017311e+00 1.000000e-04
4.1000017643e+00 1.023293e-04
4.1000017976e+00 1.047129e-04
4.1000018308e+00 1.071519e-04
4.1000018640e+00 1.096478e-04
4.1000018972e+00 1.122018e-04
4.1000019304e+00 1.148154e-04
4.1000019636e+00 1.174898e-04
4.1000019969e+00 1.202264e-04
4.1000020514e+00 1.230269e-04
4.1000021082e+00 1.258925e-04
4.1000021650e+00 1.288250e-04
4.1000022218e+00 1.318257e-04
4.1000022786e+00 1.348963e-04
4.1000023354e+00 1.380384e-04
4.1000023922e+00 1.412538e-04
4.1000024490e+00 1.445440e-04
4.1000025057e+00 1.479108e-04
4.1000025625e+00 1.513561e-04
4.1000026193e+00 1.548817e-04
4.1000026761e+00 1.584893e-04
4.1000027329e+00 1.621810e-04
4.1000027897e+00 1.659587e-04
4.1000028465e+00 1.698244e-04
4.1000029033e+00 1.737801e-04
4.1000029601e+00 1.778279e-04
4.1000030237e+00 1.819701e-04
4.1000031038e+00 1.862087e-04
4.1000031838e+00 1.905461e-04
4.1000032639e+00 1.949845e-04
4.1000033439e+00 1.995262e-04
4.1000034239e+00 2.041738e-04
4.1000035040e+00 2.089296e-04
4.1000035840e+00 2.137962e-04
4.1000036640e+00 2.187762e-04
4.1000037441e+00 2.238721e-04
4.1000038241e+00 2.290868e-04
4.1000039042e+00 2.344229e-04
4.1000039842e+00 2.398833e-04
4.1000040828e+00 2.454709e-04
4.1000041860e+00 2.511886e-04
4.1000042892e+00 2.570396e-04
4.1000043924e+00 2.630268e-04
4.1000044956e+00 2.691535e-04
4.1000045988e+00 2.754229e-04
4.1000047020e+00 2.818383e-04
4.1000048051e+00 2.884032e-04
4.1000049083e+00 2.951209e-04
4.1000050141e+00 3.019952e-04
4.1000051404e+00 3.090295e-04
4.1000052667e+00 3.162278e-04
4.1000053930e+00 3.235937e-04
4.1000055193e+00 3.311311e-04
4.1000056456e+00 3.388442e-04
4.1000057718e+00 3.467369e-04
4.1000058981e+00 3.548134e-04
4.1000060289e+00 3.630781e-04
4.1000061783e+00 3.715352e-04
4.1000063276e+00 3.801894e-04
4.1000064770e+00 3.890451e-04
4.1000066264e+00 3.981072e-04
4.1000067758e+00 4.073803e-04
4.1000069251e+00 4.168694e-04
4.1000070860e+00 4.265795e-04
4.1000072584e+00 4.365158e-04
4.1000074309e+00 4.466836e-04
4.1000076033e+00 4.570882e-04
4.1000077758e+00 4.677351e-04
4.1000079482e+00 4.786301e-04
4.1000081368e+00 4.897788e-04
4.1000083323e+00 5.011872e-04
4.1000085277e+00 5.128614e-04
4.1000087232e+00 5.248075e-04
4.1000089187e+00 5.370318e-04
4.1000091277e+00 5.495409e-04
4.1000093462e+00 5.623413e-04
4.1000095648e+00 5.754399e-04
4.1000097833e+00 5.888437e-04
4.1000100021e+00 6.025596e-04
4.1000102436e+00 6.165950e-04
4.1000104852e+00 6.309573e-04
4.1000107268e+00 6.456542e-04
4.1000109684e+00 6.606934e-04
4.1000112300e+00 6.760830e-04
4.1000114947e+00 6.918310e-04
4.1000117593e+00 7.079458e-04
4.1000120260e+00 7.244360e-04
4.1000123137e+00 7.413102e-04
4.1000126013e+00 7.585776e-04
4.1000128890e+00 7.762471e-04
4.1000131908e+00 7.943282e-04
4.1000135015e+00 8.128305e-04
4.1000138122e+00 8.317638e-04
4.1000141321e+00 8.511380e-04
4.1000144658e+00 8.709636e-04
4.1000147995e+00 8.912509e-04
4.1000151425e+00 9.120108e-04
4.1000154992e+00 9.332543e-04
4.1000158560e+00 9.549926e-04
4.1000162265e+00 9.772372e-04
4.1000166063e+00 1.000000e-03
4.1000169861e+00 1.023293e-03
4.1000173881e+00 1.047129e-03
4.1000177910e+00 1.071519e-03
4.1000182049e+00 1.096478e-03
4.1000186308e+00 1.122018e-03
4.1000190597e+00 1.148154e-03
4.1000195086e+00 1.174898e-03
4.1000199575e+00 1.202264e-03
4.1000204273e+00 1.230269e-03
4.1000208992e+00 1.258925e-03
4.1000213893e+00 1.288250e-03
4.1000218842e+00 1.318257e-03
4.1000223968e+00 1.348963e-03
4.1000229148e+00 1.380384e-03
4.1000234520e+00 1.412538e-03
4.1000239931e+00 1.445440e-03
4.1000245568e+00 1.479108e-03
4.1000251258e+00 1.513561e-03
4.1000257129e+00 1.548817e-03
4.1000263117e+00 1.584893e-03
4.1000269218e+00 1.621810e-03
4.1000275520e+00 1.659587e-03
4.1000281919e+00 1.698244e-03
4.1000288481e+00 1.737801e-03
4.1000295219e+00 1.778279e-03
4.1000302079e+00 1.819701e-03
4.1000309101e+00 1.862087e-03
4.1000316324e+00 1.905461e-03
4.1000323690e+00 1.949845e-03
4.1000331209e+00 1.995262e-03
4.1000338922e+00 2.041738e-03
4.1000346833e+00 2.089296e-03
4.1000354915e+00 2.137962e-03
4.1000363176e+00 2.187762e-03
4.1000371623e+00 2.238721e-03
4.1000380264e+00 2.290868e-03
4.1000389128e+00 2.344229e-03
4.1000398200e+00 2.398833e-03
4.1000407479e+00 2.454709e-03
4.1000416972e+00 2.511886e-03
4.1000426684e+00 2.570396e-03
4.1000436622e+00 2.630268e-03
4.1000446790e+00 2.691535e-03
4.1000457194e+00 2.754229e-03
4.1000467839e+00 2.818383e-03
4.1000478729e+00 2.884032e-03
4.1000489869e+00 2.951209e-03
4.1000501290e+00 3.019952e-03
4.1000512975e+00 3.090295e-03
4.1000524926e+00 3.162278e-03
4.1000537148e+00 3.235937e-03
4.1000549643e+00 3.311311e-03
4.1000562459e+00 3.388442e-03
4.1000575565e+00 3.467369e-03
4.1000588957e+00 3.548134e-03
4.1000602683e+00 3.630781e-03
4.1000616723e+00 3.715352e-03
4.1000631077e+00 3.801894e-03
4.1000645787e+00 3.890451e-03
4.1000660815e+00 3.981072e-03
4.1000676219e+00 4.073803e-03
4.1000691963e+00 4.168694e-03
4.1000708080e+00 4.265795e-03
4.1000724579e+00 4.365158e-03
4.1000741447e+00 4.466836e-03
4.1000758716e+00 4.570882e-03
4.1000776396e+00 4.677351e-03
4.1000794480e+00 4.786301e-03
4.1000812982e+00 4.897788e-03
4.1000831914e+00 5.011872e-03
4.1000851289e+00 5.128614e-03
4.1000871116e+00 5.248075e-03
4.1000891407e+00 5.370318e-03
4.1000912172e+00 5.495409e-03
4.1000933422e+00 5.623413e-03
4.1000955164e+00 5.754399e-03
4.1000977408e+00 5.888437e-03
4.1001000165e+00 6.025596e-03
4.1001023471e+00 6.165950e-03
4.1001047308e+00 6.309573e-03
4.1001071699e+00 6.456542e-03
4.1001096664e+00 6.606934e-03
4.1001122205e+00 6.760830e-03
4.1001148342e+00 6.918310e-03
4.1001175093e+00 7.079458e-03
4.1001202460e+00 7.244360e-03
4.1001230462e+00 7.413102e-03
4.1001259123e+00 7.585776e-03
4.1001288452e+00 7.762471e-03
4.1001318463e+00 7.943282e-03
4.1001349170e+00 8.128305e-03
4.1001380593e+00 8.317638e-03
4.1001412755e+00 8.511380e-03
4.1001445662e+00 8.709636e-03
4.1001479327e+00 8.912509e-03
4.1001513789e+00 9.120108e-03
4.1001549042e+00 9.332543e-03
4.1001585127e+00 9.549926e-03
4.1001622044e+00 9.772372e-03
4.1001659820e+00 1.000000e-02
4.1001698483e+00 1.023293e-02
4.1001738044e+00 1.047129e-02
4.1001778524e+00 1.071519e-02
4.1001819945e+00 1.096478e-02
4.1001862339e+00 1.122018e-02
4.1001905717e+00 1.148154e-02
4.1001950097e+00 1.174898e-02
4.1001995524e+00 1.202264e-02
4.1002041999e+00 1.230269e-02
4.1002089557e+00 1.258925e-02
4.1002138228e+00 1.288250e-02
4.1002188030e+00 1.318257e-02
4.1002238990e+00 1.348963e-02
4.1002291138e+00 1.380384e-02
4.1002344504e+00 1.412538e-02
4.1002399106e+00 1.445440e-02
4.1002454987e+00 1.479108e-02
4.1002512164e+00 1.513561e-02
4.1002570672e+00 1.548817e-02
4.1002630545e+00 1.584893e-02
4.1002691814e+00 1.621810e-02
4.1002754510e+00 1.659587e-02
4.1002818661e+00 1.698244e-02
4.1002884312e+00 1.737801e-02
4.1002951486e+00 1.778279e-02
4.1003020226e+00 1.819701e-02
4.1003090569e+00 1.862087e-02
4.1003162551e+00 1.905461e-02
4.1003236208e+00 1.949845e-02
4.1003311579e+00 1.995262e-02
4.1003388705e+00 2.041738e-02
4.1003467629e+00 2.089296e-02
4.1003548390e+00 2.137962e-02
4.1003631031e+00 2.187762e-02
4.1003715599e+00 2.238721e-02
4.1003802133e+00 2.290868e-02
4.1003890683e+00 2.344229e-02
4.1003981296e+00 2.398833e-02
4.1004074020e+00 2.454709e-02
4.1004168900e+00 2.511886e-02
4.1004265993e+00 2.570396e-02
4.1004365345e+00 2.630268e-02
4.1004467009e+00 2.691535e-02
4.1004571041e+00 2.754229e-02
4.1004677497e+00 2.818383e-02
4.1004786431e+00 2.884032e-02
4.1004897901e+00 2.951209e-02
4.1005011967e+00 3.019952e-02
4.1005128689e+00 3.090295e-02
4.1005248129e+00 3.162278e-02
4.1005370348e+00 3.235937e-02
4.1005495417e+00 3.311311e-02
4.1005623395e+00 3.388442e-02
4.1005754354e+00 3.467369e-02
4.1005888360e+00 3.548134e-02
4.1006025489e+00 3.630781e-02
4.1006165809e+00 3.715352e-02
4.1006309395e+00 3.801894e-02
4.1006456326e+00 3.890451e-02
4.1006606677e+00 3.981072e-02
4.1006760528e+00 4.073803e-02
4.1006917962e+00 4.168694e-02
4.1007079060e+00 4.265795e-02
4.1007243910e+00 4.365158e-02
4.1007412597e+00 4.466836e-02
4.1007585211e+00 4.570882e-02
4.1007761843e+00 4.677351e-02
4.1007942588e+00 4.786301e-02
4.1008127540e+00 4.897788e-02
4.1008316798e+00 5.011872e-02
4.1008510461e+00 5.128614e-02
4.1008708633e+00 5.248075e-02
4.1008911417e+00 5.370318e-02
4.1009118922e+00 5.495409e-02
4.1009331257e+00 5.623413e-02
4.1009548535e+00 5.754399e-02
4.1009770870e+00 5.888437e-02
4.1009998381e+00 6.025596e-02
4.1010231187e+00 6.165950e-02
4.1010469411e+00 6.309573e-02
4.1010713181e+00 6.456542e-02
4.1010962624e+00 6.606934e-02
4.1011217873e+00 6.760830e-02
4.1011479061e+00 6.918310e-02
4.1011746330e+00 7.079458e-02
4.1012019817e+00 7.244360e-02
4.1012299670e+00 7.413102e-02
4.1012586037e+00 7.585776e-02
4.1012879066e+00 7.762471e-02
4.1013178915e+00 7.943282e-02
4.1013485742e+00 8.128305e-02
4.1013799707e+00 8.317638e-02
4.1014120980e+00 8.511380e-02
4.1014449727e+00 8.709636e-02
4.1014786125e+00 8.912509e-02
4.1015130349e+00 9.120108e-02
4.1015482583e+00 9.332543e-02
4.1015843012e+00 9.549926e-02
4.1016211827e+00 9.772372e-02
4.1016589222e+00 1.000000e-01
4.1016975398e+00 1.023293e-01
4.1017370556e+00 1.047129e-01
4.1017774909e+00 1.071519e-01
4.1018188667e+00 1.096478e-01
4.1018612050e+00 1.122018e-01
4.1019045282e+00 1.148154e-01
4.1019488591e+00 1.174898e-01
4.1019942211e+00 1.202264e-01
4.1020406382e+00 1.230269e-01
4.1020881348e+00 1.258925e-01
4.1021367362e+00 1.288250e-01
4.1021864678e+00 1.318257e-01
4.1022373559e+00 1.348963e-01
4.1022894275e+00 1.380384e-01
4.1023427099e+00 1.412538e-01
4.1023972313e+00 1.445440e-01
4.1024530204e+00 1.479108e-01
4.1025101068e+00 1.513561e-01
4.1025685204e+00 1.548817e-01
4.1026282921e+00 1.584893e-01
4.1026894533e+00 1.621810e-01
4.1027520363e+00 1.659587e-01
4.1028160742e+00 1.698244e-01
4.1028816007e+00 1.737801e-01
4.1029486503e+00 1.778279e-01
4.1030172582e+00 1.819701e-01
4.1030874608e+00 1.862087e-01
4.1031592948e+00 1.905461e-01
4.1032327982e+00 1.949845e-01
4.1033080097e+00 1.995262e-01
4.1033849689e+00 2.041738e-01
4.1034637163e+00 2.089296e-01
4.1035442932e+00 2.137962e-01
4.1036267422e+00 2.187762e-01
4.1037111066e+00 2.238721e-01
4.1037974308e+00 2.290868e-01
4.1038857601e+00 2.344229e-01
4.1039761410e+00 2.398833e-01
4.1040686211e+00 2.454709e-01
4.1041632490e+00 2.511886e-01
4.1042600742e+00 2.570396e-01
4.1043591479e+00 2.630268e-01
4.1044605219e+00 2.691535e-01
4.1045642495e+00 2.754229e-01
4.1046703852e+00 2.818383e-01
4.1047789847e+00 2.884032e-01
4.1048901049e+00 2.951209e-01
4.1050038043e+00 3.019952e-01
4.1051201424e+00 3.090295e-01
4.1052391803e+00 3.162278e-01
4.1053609803e+00 3.235937e-01
4.1054856063e+00 3.311311e-01
4.1056131236e+00 3.388442e-01
4.1057435990e+00 3.467369e-01
4.1058771008e+00 3.548134e-01
4.1060136990e+00 3.630781e-01
4.1061534650e+00 3.715352e-01
4.1062964720e+00 3.801894e-01
4.1064427948e+00 3.890451e-01
4.1065925099e+00 3.981072e-01
4.1067456955e+00 4.073803e-01
4.1069024318e+00 4.168694e-01
4.1070628006e+00 4.265795e-01
4.1072268856e+00 4.365158e-01
4.1073947726e+00 4.466836e-01
4.1075665491e+00 4.570882e-01
4.1077423047e+00 4.677351e-01
4.1079221312e+00 4.786301e-01
4.1081061222e+00 4.897788e-01
4.1082943737e+00 5.011872e-01
4.1084869837e+00 5.128614e-01
4.1086840524e+00 5.248075e-01
4.1088856825e+00 5.370318e-01
4.1090919789e+00 5.495409e-01
4.1093030487e+00 5.623413e-01
4.1095190018e+00 5.754399e-01
4.1097399503e+00 5.888437e-01
4.1099660089e+00 6.025596e-01
4.1102044804e+00 6.165950e-01
4.1104445408e+00 6.309573e-01
4.1106846012e+00 6.456542e-01
4.1109246617e+00 6.606934e-01
4.1111844847e+00 6.760830e-01
4.1114461834e+00 6.918310e-01
4.1117078822e+00 7.079458e-01
4.1119759789e+00 7.244360e-01
4.1122593042e+00 7.413102e-01
4.1125426295e+00 7.585776e-01
4.1128259548e+00 7.762471e-01
4.1131298950e+00 7.943282e-01
4.1134348356e+00 8.128305e-01
4.1137397762e+00 8.317638e-01
4.1140630327e+00 8.511380e-01
4.1143895776e+00 8.709636e-01
4.1147161226e+00 8.912509e-01
4.1150631097e+00 9.120108e-01
4.1154112484e+00 9.332543e-01
4.1157642407e+00 9.549926e-01
4.1161339626e+00 9.772372e-01
4.1165036844e+00 1.000000e+00
4.1168876744e+00 1.023293e+00
4.1172789692e+00 1.047129e+00
4.1176754103e+00 1.071519e+00
4.1180882678e+00 1.096478e+00
4.1185011254e+00 1.122018e+00
4.1189342845e+00 1.148154e+00
4.1193686947e+00 1.174898e+00
4.1198194490e+00 1.202264e+00
4.1202754019e+00 1.230269e+00
4.1207459560e+00 1.258925e+00
4.1212234417e+00 1.288250e+00
4.1217157969e+00 1.318257e+00
4.1222148056e+00 1.348963e+00
4.1227307864e+00 1.380384e+00
4.1232513083e+00 1.412538e+00
4.1237925843e+00 1.445440e+00
4.1243391951e+00 1.479108e+00
4.1249027144e+00 1.513561e+00
4.1254775763e+00 1.548817e+00
4.1260625797e+00 1.584893e+00
4.1266669981e+00 1.621810e+00
4.1272807177e+00 1.659587e+00
4.1279086608e+00 1.698244e+00
4.1285542800e+00 1.737801e+00
4.1292113992e+00 1.778279e+00
4.1298822438e+00 1.819701e+00
4.1305732950e+00 1.862087e+00
4.1312777643e+00 1.905461e+00
4.1319965261e+00 1.949845e+00
4.1327316521e+00 1.995262e+00
4.1334869365e+00 2.041738e+00
4.1342580996e+00 2.089296e+00
4.1350458710e+00 2.137962e+00
4.1358509398e+00 2.187762e+00
4.1366739577e+00 2.238721e+00
4.1375160317e+00 2.290868e+00
4.1383789776e+00 2.344229e+00
4.1392610659e+00 2.398833e+00
4.1401628523e+00 2.454709e+00
4.1410848652e+00 2.511886e+00
4.1420276073e+00 2.570396e+00
4.1429915575e+00 2.630268e+00
4.1439771725e+00 2.691535e+00
4.1449848882e+00 2.754229e+00
4.1460151210e+00 2.818383e+00
4.1470682690e+00 2.884032e+00
4.1481470113e+00 2.951209e+00
4.1492498759e+00 3.019952e+00
4.1503770960e+00 3.090295e+00
4.1515289934e+00 3.162278e+00
4.1527058776e+00 3.235937e+00
4.1539105999e+00 3.311311e+00
4.1551429842e+00 3.388442e+00
4.1564014869e+00 3.467369e+00
4.1576879369e+00 3.548134e+00
4.1590051259e+00 3.630781e+00
4.1603494085e+00 3.715352e+00
4.1617256133e+00 3.801894e+00
4.1631313442e+00 3.890451e+00
4.1645689511e+00 3.981072e+00
4.1660379756e+00 4.073803e+00
4.1675405783e+00 4.168694e+00
4.1690745707e+00 4.265795e+00
4.1706454423e+00 4.365158e+00
4.1722494753e+00 4.466836e+00
4.1738880590e+00 4.570882e+00
4.1755652235e+00 4.677351e+00
4.1772785951e+00 4.786301e+00
4.1790292864e+00 4.897788e+00
4.1808183522e+00 5.011872e+00
4.1826467944e+00 5.128614e+00
4.1845155649e+00 5.248075e+00
4.1864255693e+00 5.370318e+00
4.1883776700e+00 5.495409e+00
4.1903726888e+00 5.623413e+00
4.1924114096e+00 5.754399e+00
4.1944945808e+00 5.888437e+00
4.1966229173e+00 6.025596e+00
4.1987971025e+00 6.165950e+00
4.2010189435e+00 6.309573e+00
4.2032897771e+00 6.456542e+00
4.2056086460e+00 6.606934e+00
4.2079787775e+00 6.760830e+00
4.2103994307e+00 6.918310e+00
4.2128729468e+00 7.079458e+00
4.2153986427e+00 7.244360e+00
4.2179802985e+00 7.413102e+00
4.2206165619e+00 7.585776e+00
4.2233089359e+00 7.762471e+00
4.2260592891e+00 7.943282e+00
4.2288688822e+00 8.128305e+00
4.2317382061e+00 8.317638e+00
4.2346685046e+00 8.511380e+00
4.2376609615e+00 8.709636e+00
4.2407167040e+00 8.912509e+00
4.2438378854e+00 9.120108e+00
4.2470249651e+00 9.332543e+00
4.2502787471e+00 9.549926e+00
4.2536010429e+00 9.772372e+00
4.2569936248e+00 1.000000e+01
4.2604566651e+00 1.023293e+01
4.2639926689e+00 1.047129e+01
4.2676024369e+00 1.071519e+01
4.2712869563e+00 1.096478e+01
4.2750479790e+00 1.122018e+01
4.2788875756e+00 1.148154e+01
4.2828064040e+00 1.174898e+01
4.2868059536e+00 1.202264e+01
4.2908879036e+00 1.230269e+01
4.2950540858e+00 1.258925e+01
4.2993053822e+00 1.288250e+01
4.3036430045e+00 1.318257e+01
4.3080699259e+00 1.348963e+01
4.3125859774e+00 1.380384e+01
4.3171945015e+00 1.412538e+01
4.3218957439e+00 1.445440e+01
4.3266916612e+00 1.479108e+01
4.3315841115e+00 1.513561e+01
4.3365748601e+00 1.548817e+01
4.3416655857e+00 1.584893e+01
4.3468578858e+00 1.621810e+01
4.3521532816e+00 1.659587e+01
4.3575532583e+00 1.698244e+01
4.3630608466e+00 1.737801e+01
4.3686762505e+00 1.778279e+01
4.3744024941e+00 1.819701e+01
4.3802408492e+00 1.862087e+01
4.3861931032e+00 1.905461e+01
4.3922612227e+00 1.949845e+01
4.3984470781e+00 1.995262e+01
4.4047524490e+00 2.041738e+01
4.4111794230e+00 2.089296e+01
4.4177301414e+00 2.137962e+01
4.4244058920e+00 2.187762e+01
4.4312092782e+00 2.238721e+01
4.4381420841e+00 2.290868e+01
4.4452061420e+00 2.344229e+01
4.4524035602e+00 2.398833e+01
4.4597363442e+00 2.454709e+01
4.4672064033e+00 2.511886e+01
4.4748164098e+00 2.570396e+01
4.4825676684e+00 2.630268e+01
4.4904628861e+00 2.691535e+01
4.4985036770e+00 2.754229e+01
4.5066923868e+00 2.818383e+01
4.5150312473e+00 2.884032e+01
4.5235223826e+00 2.951209e+01
4.5321678166e+00 3.019952e+01
4.5409696300e+00 3.090295e+01
4.5499305725e+00 3.162278e+01
4.5590522871e+00 3.235937e+01
4.5683371233e+00 3.311311e+01
4.5777874621e+00 3.388442e+01
4.5874055717e+00 3.467369e+01
4.5971936143e+00 3.548134e+01
4.6071536531e+00 3.630781e+01
4.6172885238e+00 3.715352e+01
4.6275999214e+00 3.801894e+01
4.6380904697e+00 3.890451e+01
4.6487625659e+00 3.981072e+01
4.6596184554e+00 4.073803e+01
4.6706605672e+00 4.168694e+01
4.6818909605e+00 4.265795e+01
4.6933123219e+00 4.365158e+01
4.7049267307e+00 4.466836e+01
4.7167367865e+00 4.570882e+01
4.7287449672e+00 4.677351e+01
4.7409536490e+00 4.786301e+01
4.7533651007e+00 4.897788e+01
4.7659816605e+00 5.011872e+01
4.7788061008e+00 5.128614e+01
4.7918406842e+00 5.248075e+01
4.8050878319e+00 5.370318e+01
4.8185500202e+00 5.495409e+01
4.8322297068e+00 5.623413e+01
4.8461296701e+00 5.754399e+01
4.8602519575e+00 5.888437e+01
4.8745992845e+00 6.025596e+01
4.8891742679e+00 6.165950e+01
4.9039793131e+00 6.309573e+01
4.9190170757e+00 6.456542e+01
4.9342898210e+00 6.606934e+01
4.9498003979e+00 6.760830e+01
4.9655511338e+00 6.918310e+01
4.9815447295e+00 7.079458e+01
4.9977837844e+00 7.244360e+01
5.0142708038e+00 7.413102e+01
5.0310083630e+00 7.585776e+01
5.0479992331e+00 7.762471e+01
5.0652459372e+00 7.943282e+01
5.0827510613e+00 8.128305e+01
5.1005172562e+00 8.317638e+01
5.1185471407e+00 8.511380e+01
5.1368436324e+00 8.709636e+01
5.1554090504e+00 8.912509e+01
5.1742462150e+00 9.120108e+01
5.1933579108e+00 9.332543e+01
5.2127468365e+00 9.549926e+01
5.2324156105e+00 9.772372e+01
5.2523669138e+00 1.000000e+02
5.2726036590e+00 1.023293e+02
5.2931285511e+00 1.047129e+02
5.3139442935e+00 1.071519e+02
5.3350536503e+00 1.096478e+02
5.3564596672e+00 1.122018e+02
5.3781648033e+00 1.148154e+02
5.4001722197e+00 1.174898e+02
5.4224845444e+00 1.202264e+02
5.4451046867e+00 1.230269e+02
5.4680354876e+00 1.258925e+02
5.4912800193e+00 1.288250e+02
5.5148409531e+00 1.318257e+02
5.5387214672e+00 1.348963e+02
5.5629243299e+00 1.380384e+02
5.5874525406e+00 1.412538e+02
5.6123090402e+00 1.445440e+02
5.6374971059e+00 1.479108e+02
5.6630193802e+00 1.513561e+02
5.6888792159e+00 1.548817e+02
5.7150795563e+00 1.584893e+02
5.7416234626e+00 1.621810e+02
5.7685141887e+00 1.659587e+02
5.7957547646e+00 1.698244e+02
5.8233483646e+00 1.737801e+02
5.8512981510e+00 1.778279e+02
5.8796074258e+00 1.819701e+02
5.9082794474e+00 1.862087e+02
5.9373174340e+00 1.905461e+02
5.9667245671e+00 1.949845e+02
5.9965044458e+00 1.995262e+02
6.0266601855e+00 2.041738e+02
6.0571952561e+00 2.089296e+02
6.0881130930e+00 2.137962e+02
6.1194171007e+00 2.187762e+02
6.1511107475e+00 2.238721e+02
6.1831976609e+00 2.290868e+02
6.2156812826e+00 2.344229e+02
6.2485651917e+00 2.398833e+02
6.2818530339e+00 2.454709e+02
6.3155484327e+00 2.511886e+02
6.3496550559e+00 2.570396e+02
6.3841767753e+00 2.630268e+02
6.4191171819e+00 2.691535e+02
6.4544801192e+00 2.754229e+02
6.4902694779e+00 2.818383e+02
6.5264891354e+00 2.884032e+02
6.5631429587e+00 2.951209e+02
6.6002349361e+00 3.019952e+02
6.6377691200e+00 3.090295e+02
6.6757495641e+00 3.162278e+02
6.7141803126e+00 3.235937e+02
6.7530655352e+00 3.311311e+02
6.7924093995e+00 3.388442e+02
6.8322162165e+00 3.467369e+02
6.8724902479e+00 3.548134e+02
6.9132358232e+00 3.630781e+02
6.9544572944e+00 3.715352e+02
6.9961591614e+00 3.801894e+02
7.0383459311e+00 3.890451e+02
7.0810221190e+00 3.981072e+02
7.1241922523e+00 4.073803e+02
7.1678612112e+00 4.168694e+02
7.2120334679e+00 4.265795e+02
7.2567139066e+00 4.365158e+02
7.3019074174e+00 4.466836e+02
7.3476188280e+00 4.570882e+02
7.3938531674e+00 4.677351e+02
7.4406153456e+00 4.786301e+02
7.4879104688e+00 4.897788e+02
7.5357437305e+00 5.011872e+02
7.5841203723e+00 5.128614e+02
7.6330456030e+00 5.248075e+02
7.6825247948e+00 5.370318e+02
7.7325633512e+00 5.495409e+02
7.7831668126e+00 5.623413e+02
7.8343407706e+00 5.754399e+02
7.8860907473e+00 5.888437e+02
7.9384225201e+00 6.025596e+02
7.9913419527e+00 6.165950e+02
8.0448548122e+00 6.309573e+02
8.0989670514e+00 6.456542e+02
8.1536847553e+00 6.606934e+02
8.2090140604e+00 6.760830e+02
8.2649609755e+00 6.918310e+02
8.3215320869e+00 7.079458e+02
8.3787335140e+00 7.244360e+02
8.4365717821e+00 7.413102e+02
8.4950534739e+00 7.585776e+02
8.5541852305e+00 7.762471e+02
8.6139737542e+00 7.943282e+02
8.6744258100e+00 8.128305e+02
8.7355485792e+00 8.317638e+02
8.7973487777e+00 8.511380e+02
8.8598337550e+00 8.709636e+02
8.9230106831e+00 8.912509e+02
8.9868868663e+00 9.120108e+02
9.0514697579e+00 9.332543e+02
9.1167668898e+00 9.549926e+02
9.1827861168e+00 9.772372e+02
9.2495349870e+00 1.000000e+03
9.3170215377e+00 1.023293e+03
9.3852536572e+00 1.047129e+03
9.4542396810e+00 1.071519e+03
9.5239877572e+00 1.096478e+03
9.5945062655e+00 1.122018e+03
9.6658037162e+00 1.148154e+03
9.7378888972e+00 1.174898e+03
9.8107704658e+00 1.202264e+03
9.8844573018e+00 1.230269e+03
9.9589586379e+00 1.258925e+03
1.0034283569e+01 1.288250e+03
1.0110441436e+01 1.318257e+03
1.0187441785e+01 1.348963e+03
1.0265294288e+01 1.380384e+03
1.0344008741e+01 1.412538e+03
1.0423595073e+01 1.445440e+03
1.0504063467e+01 1.479108e+03
1.0585424279e+01 1.513561e+03
1.0667687884e+01 1.548817e+03
1.0750864908e+01 1.584893e+03
1.0834966368e+01 1.621810e+03
1.0920003128e+01 1.659587e+03
1.1005986389e+01 1.698244e+03
1.1092927562e+01 1.737801e+03
1.1180838350e+01 1.778279e+03
1.1269730362e+01 1.819701e+03
1.1359615672e+01 1.862087e+03
1.1450506495e+01 1.905461e+03
1.1542415315e+01 1.949845e+03
1.1635354675e+01 1.995262e+03
1.1729337500e+01 2.041738e+03
1.1824376919e+01 2.089296e+03
1.1920486272e+01 2.137962e+03
1.2017679112e+01 2.187762e+03
1.2115969361e+01 2.238721e+03
1.2215371161e+01 2.290868e+03
1.2315898779e+01 2.344229e+03
1.2417566889e+01 2.398833e+03
1.2520390589e+01 2.454709e+03
1.2624384942e+01 2.511886e+03
1.2729565496e+01 2.570396e+03
1.2835948074e+01 2.630268e+03
1.2943548887e+01 2.691535e+03
1.3052384456e+01 2.754229e+03
1.3162471344e+01 2.818383e+03
1.3273827072e+01 2.884032e+03
1.3386468822e+01 2.951209e+03
1.3500414565e+01 3.019952e+03
1.3615682640e+01 3.090295e+03
1.3732291648e+01 3.162278e+03
1.3850260694e+01 3.235937e+03
1.3969609165e+01 3.311311e+03
1.4090356859e+01 3.388442e+03
1.4212524277e+01 3.467369e+03
1.4336132053e+01 3.548134e+03
1.4461201675e+01 3.630781e+03
1.4587754692e+01 3.715352e+03
1.4715813420e+01 3.801894e+03
1.4845400661e+01 3.890451e+03
1.4976539713e+01 3.981072e+03
1.5109254402e+01 4.073803e+03
1.5243569526e+01 4.168694e+03
1.5379509667e+01 4.265795e+03
1.5517101040e+01 4.365158e+03
1.5656369661e+01 4.466836e+03
1.5797342639e+01 4.570882e+03
1.5940047743e+01 4.677351e+03
1.6084513418e+01 4.786301e+03
1.6230768816e+01 4.897788e+03
1.6378844305e+01 5.011872e+03
1.6528770227e+01 5.128614e+03
1.6680578817e+01 5.248075e+03
1.6834302326e+01 5.370318e+03
1.6989974375e+01 5.495409e+03
1.7147629496e+01 5.623413e+03
1.7307303172e+01 5.754399e+03
1.7469032219e+01 5.888437e+03
1.7632854146e+01 6.025596e+03
1.7798808024e+01 6.165950e+03
1.7966933803e+01 6.309573e+03
1.8137272989e+01 6.456542e+03
1.8309868354e+01 6.606934e+03
1.8484763987e+01 6.760830e+03
1.8662005592e+01 6.918310e+03
1.8841640481e+01 7.079458e+03
1.9023717486e+01 7.244360e+03
1.9208287149e+01 7.413102e+03
1.9395401965e+01 7.585776e+03
1.9585116243e+01 7.762471e+03
1.9777486634e+01 7.943282e+03
1.9972571436e+01 8.128305e+03
2.0170431895e+01 8.317638e+03
2.0371131038e+01 8.511380e+03
2.0574734762e+01 8.709636e+03
2.0781312024e+01 8.912509e+03
2.0990933953e+01 9.120108e+03
2.1203675641e+01 9.332543e+03
2.1419614770e+01 9.549926e+03
2.1638832857e+01 9.772372e+03
2.1861415595e+01 1.000000e+04
2.2087451804e+01 1.023293e+04
2.2317035712e+01 1.047129e+04
2.2550265590e+01 1.071519e+04
2.2787244991e+01 1.096478e+04
2.3028082448e+01 1.122018e+04
2.3272893049e+01 1.148154e+04
2.3521798052e+01 1.174898e+04
2.3774925162e+01 1.202264e+04
2.4032410162e+01 1.230269e+04
2.4294396554e+01 1.258925e+04
2.4561036860e+01 1.288250e+04
2.4832493942e+01 1.318257e+04
2.5109736512e+01 1.348963e+04
2.5371804513e+01 1.380384e+04
2.5637008479e+01 1.412538e+04
2.5905394069e+01 1.445440e+04
2.6177007705e+01 1.479108e+04
2.6451896581e+01 1.513561e+04
2.6730108675e+01 1.548817e+04
2.7011692754e+01 1.584893e+04
2.7296698387e+01 1.621810e+04
2.7585175953e+01 1.659587e+04
2.7877176649e+01 1.698244e+04
2.8172752500e+01 1.737801e+04
2.8471956366e+01 1.778279e+04
2.8774841956e+01 1.819701e+04
2.9081463827e+01 1.862087e+04
2.9391877404e+01 1.905461e+04
2.9706138980e+01 1.949845e+04
3.0024305725e+01 1.995262e+04
3.0346435700e+01 2.041738e+04
3.0672587859e+01 2.089296e+04
3.1002822057e+01 2.137962e+04
3.1337199063e+01 2.187762e+04
3.1675780560e+01 2.238721e+04
3.2018629160e+01 2.290868e+04
3.2365808403e+01 2.344229e+04
3.2717382771e+01 2.398833e+04
3.3073417689e+01 2.454709e+04
3.3433979537e+01 2.511886e+04
3.3799135650e+01 2.570396e+04
3.4168954329e+01 2.630268e+04
3.4543504844e+01 2.691535e+04
3.4922857440e+01 2.754229e+04
3.5307083341e+01 2.818383e+04
3.5696254758e+01 2.884032e+04
3.6090444890e+01 2.951209e+04
3.6489727929e+01 3.019952e+04
3.6894179067e+01 3.090295e+04
3.7303874495e+01 3.162278e+04
3.7718891408e+01 3.235937e+04
3.8139308008e+01 3.311311e+04
3.8565203508e+01 3.388442e+04
3.8996658131e+01 3.467369e+04
3.9433753114e+01 3.548134e+04
3.9876570707e+01 3.630781e+04
4.0325194178e+01 3.715352e+04
4.0779707808e+01 3.801894e+04
4.1240196896e+01 3.890451e+04
4.1706747755e+01 3.981072e+04
4.2179447714e+01 4.073803e+04
4.2658385114e+01 4.168694e+04
4.3143649309e+01 4.265795e+04
4.3635330659e+01 4.365158e+04
4.4133520535e+01 4.466836e+04
4.4638311307e+01 4.570882e+04
4.5149796347e+01 4.677351e+04
4.5668070022e+01 4.786301e+04
4.6193227688e+01 4.897788e+04
4.6725365688e+01 5.011872e+04
4.7264581344e+01 5.128614e+04
4.7810972949e+01 5.248075e+04
4.8364639766e+01 5.370318e+04
4.8925682014e+01 5.495409e+04
4.9494200864e+01 5.623413e+04
5.0070298428e+01 5.754399e+04
5.0654077755e+01 5.888437e+04
5.1245642815e+01 6.025596e+04
5.1845098494e+01 6.165950e+04
5.2452550579e+01 6.309573e+04
5.3068105752e+01 6.456542e+04
5.3691871574e+01 6.606934e+04
5.4323956477e+01 6.760830e+04
5.4964469747e+01 6.918310e+04
5.5613521513e+01 7.079458e+04
5.6271222736e+01 7.244360e+04
5.6937685191e+01 7.413102e+04
5.7613021453e+01 7.585776e+04
5.8297344884e+01 7.762471e+04
5.8990769619e+01 7.943282e+04
5.9693410545e+01 8.128305e+04
6.0405383290e+01 8.317638e+04
6.1126804204e+01 8.511380e+04
6.1857790343e+01 8.709636e+04
6.2598459452e+01 8.912509e+04
6.3348929947e+01 9.120108e+04
6.4109320897e+01 9.332543e+04
6.4879752008e+01 9.549926e+04
6.5660343605e+01 9.772372e+04
6.6451216610e+01 1.000000e+05
6.7252492529e+01 1.023293e+05
6.8064293428e+01 1.047129e+05
6.8886741920e+01 1.071519e+05
6.9719961142e+01 1.096478e+05
7.0564074741e+01 1.122018e+05
7.1419206851e+01 1.148154e+05
7.2285482078e+01 1.174898e+05
7.3163025480e+01 1.202264e+05
7.4051962551e+01 1.230269e+05
7.4952419201e+01 1.258925e+05
7.5864521741e+01 1.288250e+05
7.6788396864e+01 1.318257e+05
7.7724171633e+01 1.348963e+05
7.8671973456e+01 1.380384e+05
7.9631930082e+01 1.412538e+05
8.0604169574e+01 1.445440e+05
8.1588820306e+01 1.479108e+05
8.2586010941e+01 1.513561e+05
8.3595870422e+01 1.548817e+05
8.4618527961e+01 1.584893e+05
8.5654113023e+01 1.621810e+05
8.6702755321e+01 1.659587e+05
8.7764584804e+01 1.698244e+05
8.8839731650e+01 1.737801e+05
8.9928326257e+01 1.778279e+05
9.1030499240e+01 1.819701e+05
9.2146381423e+01 1.862087e+05
9.3276103839e+01 1.905461e+05
9.4419797726e+01 1.949845e+05
9.5577594527e+01 1.995262e+05
9.6749625890e+01 2.041738e+05
9.7936023671e+01 2.089296e+05
9.9136919938e+01 2.137962e+05
1.0035244698e+02 2.187762e+05
1.0158273730e+02 2.238721e+05
1.0282792366e+02 2.290868e+05
1.0408813903e+02 2.344229e+05
1.0536351667e+02 2.398833e+05
1.0665419010e+02 2.454709e+05
1.0796029313e+02 2.511886e+05
1.0928195986e+02 2.570396e+05
1.1061932476e+02 2.630268e+05
1.1197252261e+02 2.691535e+05
1.1334168859e+02 2.754229e+05
1.1472695826e+02 2.818383e+05
1.1612846764e+02 2.884032e+05
1.1754635319e+02 2.951209e+05
1.1898075188e+02 3.019952e+05
1.2043180121e+02 3.090295e+05
1.2189963924e+02 3.162278e+05
1.2338440465e+02 3.235937e+05
1.2488623678e+02 3.311311e+05
1.2640527566e+02 3.388442e+05
1.2794166208e+02 3.467369e+05
1.2949553761e+02 3.548134e+05
1.3106704468e+02 3.630781e+05
1.3265632662e+02 3.715352e+05
1.3426352774e+02 3.801894e+05
1.3588879334e+02 3.890451e+05
1.3753226983e+02 3.981072e+05
1.3919410476e+02 4.073803e+05
1.4087444690e+02 4.168694e+05
1.4257344630e+02 4.265795e+05
1.4429125436e+02 4.365158e+05
1.4602802393e+02 4.466836e+05
1.4778390936e+02 4.570882e+05
1.4955906659e+02 4.677351e+05
1.5135365323e+02 4.786301e+05
1.5316782863e+02 4.897788e+05
1.5500175400e+02 5.011872e+05
1.5685559248e+02 5.128614e+05
1.5872950920e+02 5.248075e+05
1.6062367143e+02 5.370318e+05
1.6253824865e+02 5.495409e+05
1.6447341263e+02 5.623413e+05
1.6642933755e+02 5.754399e+05
1.6840620011e+02 5.888437e+05
1.7040417961e+02 6.025596e+05
1.7242345808e+02 6.165950e+05
1.7446422037e+02 6.309573e+05
1.7652665427e+02 6.456542e+05
1.7861095063e+02 6.606934e+05
1.8071730346e+02 6.760830e+05
1.8284591005e+02 6.918310e+05
1.8499697109e+02 7.079458e+05
1.8717069082e+02 7.244360e+05
1.8936727709e+02 7.413102e+05
1.9158694153e+02 7.585776e+05
1.9382989969e+02 7.762471e+05
1.9609637111e+02 7.943282e+05
1.9838657951e+02 8.128305e+05
2.0070075289e+02 8.317638e+05
2.0303912365e+02 8.511380e+05
2.0540192877e+02 8.709636e+05
2.0778940992e+02 8.912509e+05
2.1020181357e+02 9.120108e+05
2.1263939119e+02 9.332543e+05
2.1510239933e+02 9.549926e+05
2.1759109983e+02 9.772372e+05
2.2010575990e+02 1.000000e+06
2.2264665228e+02 1.023293e+06
2.2521405542e+02 1.047129e+06
2.2780825359e+02 1.071519e+06
2.3042953707e+02 1.096478e+06
2.3307820224e+02 1.122018e+06
2.3575455178e+02 1.148154e+06
2.3845889482e+02 1.174898e+06
2.4119154707e+02 1.202264e+06
2.4395283098e+02 1.230269e+06
2.4674307592e+02 1.258925e+06
2.4956261831e+02 1.288250e+06
2.5241180177e+02 1.318257e+06
2.5529097732e+02 1.348963e+06
2.5820050350e+02 1.380384e+06
2.6114074652e+02 1.412538e+06
2.6411208048e+02 1.445440e+06
2.6711488747e+02 1.479108e+06
2.7014955774e+02 1.513561e+06
2.7321648991e+02 1.548817e+06
2.7631609105e+02 1.584893e+06
2.7944877693e+02 1.621810e+06
2.8261497212e+02 1.659587e+06
2.8581511016e+02 1.698244e+06
2.8904963377e+02 1.737801e+06
2.9231899494e+02 1.778279e+06
2.9562365515e+02 1.819701e+06
2.9896408552e+02 1.862087e+06
3.0234076695e+02 1.905461e+06
3.0575419031e+02 1.949845e+06
3.0920485658e+02 1.995262e+06
3.1269327703e+02 2.041738e+06
3.1621997337e+02 2.089296e+06
3.1978547792e+02 2.137962e+06
3.2339033374e+02 2.187762e+06
3.2703509485e+02 2.238721e+06
3.3072032633e+02 2.290868e+06
3.3444660451e+02 2.344229e+06
3.3821451711e+02 2.398833e+06
3.4202466342e+02 2.454709e+06
3.4587765444e+02 2.511886e+06
3.4977411302e+02 2.570396e+06
3.5371467406e+02 2.630268e+06
3.5769998460e+02 2.691535e+06
3.6173070404e+02 2.754229e+06
3.6580750423e+02 2.818383e+06
3.6993106967e+02 2.884032e+06
3.7410209761e+02 2.951209e+06
3.7832129824e+02 3.019952e+06
3.8258939482e+02 3.090295e+06
3.8690712381e+02 3.162278e+06
3.9127523503e+02 3.235937e+06
3.9569449180e+02 3.311311e+06
4.0016567108e+02 3.388442e+06
4.0468956360e+02 3.467369e+06
4.0926697401e+02 3.548134e+06
4.1389872102e+02 3.630781e+06
4.1858563750e+02 3.715352e+06
4.2332857067e+02 3.801894e+06
4.2812838217e+02 3.890451e+06
4.3298594825e+02 3.981072e+06
4.3790215986e+02 4.073803e+06
4.4287792277e+02 4.168694e+06
4.4791415775e+02 4.265795e+06
4.5301180062e+02 4.365158e+06
4.5817180245e+02 4.466836e+06
4.6339512963e+02 4.570882e+06
4.6868276399e+02 4.677351e+06
4.7403570298e+02 4.786301e+06
4.7945495970e+02 4.897788e+06
4.8494156309e+02 5.011872e+06
4.9049655802e+02 5.128614e+06
4.9612100541e+02 5.248075e+06
5.0181598233e+02 5.370318e+06
5.0758258213e+02 5.495409e+06
5.1342191457e+02 5.623413e+06
5.1933510589e+02 5.754399e+06
5.2532329895e+02 5.888437e+06
5.3138765336e+02 6.025596e+06
5.3752934556e+02 6.165950e+06
5.4374956894e+02 6.309573e+06
5.5004953395e+02 6.456542e+06
5.5643046825e+02 6.606934e+06
5.6289361675e+02 6.760830e+06
5.6944024180e+02 6.918310e+06
5.7607162323e+02 7.079458e+06
5.8278905854e+02 7.244360e+06
5.8959386293e+02 7.413102e+06
5.9648736951e+02 7.585776e+06
6.0347092934e+02 7.762471e+06
6.1054591157e+02 7.943282e+06
6.1771370358e+02 8.128305e+06
6.2497571108e+02 8.317638e+06
6.3233335824e+02 8.511380e+06
6.3978808780e+02 8.709636e+06
6.4734136123e+02 8.912509e+06
6.5499465883e+02 9.120108e+06
6.6274947987e+02 9.332543e+06
6.7060734271e+02 9.549926e+06
6.7856978498e+02 9.772372e+06
6.8663836368e+02 1.000000e+07
6.9481465531e+02 1.023293e+07
7.0310025607e+02 1.047129e+07
7.1149678198e+02 1.071519e+07
7.2000586901e+02 1.096478e+07
7.2862917328e+02 1.122018e+07
7.3736837121e+02 1.148154e+07
7.4622515968e+02 1.174898e+07
7.5520125619e+02 1.202264e+07
7.6429839906e+02 1.230269e+07
7.7351834759e+02 1.258925e+07
7.8286288227e+02 1.288250e+07
7.9233380495e+02 1.318257e+07
8.0193293903e+02 1.348963e+07
8.1166212972e+02 1.380384e+07
8.2152324416e+02 1.412538e+07
8.3151817171e+02 1.445440e+07
8.4164882414e+02 1.479108e+07
8.5191713586e+02 1.513561e+07
8.6232506414e+02 1.548817e+07
8.7287458941e+02 1.584893e+07
8.8356771543e+02 1.621810e+07
8.9440646960e+02 1.659587e+07
9.0539290322e+02 1.698244e+07
9.1652909173e+02 1.737801e+07
9.2781713503e+02 1.778279e+07
9.3925915773e+02 1.819701e+07
9.5085730948e+02 1.862087e+07
9.6261376524e+02 1.905461e+07
9.7453072564e+02 1.949845e+07
9.8661041724e+02 1.995262e+07
9.9885509290e+02 2.041738e+07
1.0112670321e+03 2.089296e+07
1.0238485414e+03 2.137962e+07
1.0366019545e+03 2.187762e+07
1.0495296331e+03 2.238721e+07
1.0626339665e+03 2.290868e+07
1.0759173730e+03 2.344229e+07
1.0893822995e+03 2.398833e+07
1.1030312221e+03 2.454709e+07
1.1168666468e+03 2.511886e+07
1.1308911094e+03 2.570396e+07
1.1451071765e+03 2.630268e+07
1.1595174457e+03 2.691535e+07
1.1741245458e+03 2.754229e+07
1.1889311378e+03 2.818383e+07
1.2039399148e+03 2.884032e+07
1.2191536030e+03 2.951209e+07
1.2345749618e+03 3.019952e+07
1.2502067847e+03 3.090295e+07
1.2660518993e+03 3.162278e+07
1.2821131683e+03 3.235937e+07
1.2983934899e+03 3.311311e+07
1.3148957982e+03 3.388442e+07
1.3316230639e+03 3.467369e+07
1.3485782949e+03 3.548134e+07
1.3657645367e+03 3.630781e+07
1.3831848734e+03 3.715352e+07
1.4008424276e+03 3.801894e+07
1.4187403619e+03 3.890451e+07
1.4368818786e+03 3.981072e+07
1.4552702211e+03 4.073803e+07
1.4739086743e+03 4.168694e+07
1.4928005650e+03 4.265795e+07
1.5119492628e+03 4.365158e+07
1.5313581808e+03 4.466836e+07
1.5510307763e+03 4.570882e+07
1.5709705514e+03 4.677351e+07
1.5911810536e+03 4.786301e+07
1.6116658770e+03 4.897788e+07
1.6324286624e+03 5.011872e+07
1.6534730985e+03 5.128614e+07
1.6748029224e+03 5.248075e+07
1.6964219207e+03 5.370318e+07
1.7183339297e+03 5.495409e+07
1.7405428368e+03 5.623413e+07
1.7630525810e+03 5.754399e+07
1.7858671536e+03 5.888437e+07
1.8089905993e+03 6.025596e+07
1.8324270167e+03 6.165950e+07
1.8561805596e+03 6.309573e+07
1.8802554374e+03 6.456542e+07
1.9046559160e+03 6.606934e+07
1.9293863191e+03 6.760830e+07
1.9544510286e+03 6.918310e+07
1.9798544858e+03 7.079458e+07
2.0056011920e+03 7.244360e+07
2.0316957098e+03 7.413102e+07
2.0581426636e+03 7.585776e+07
2.0849467412e+03 7.762471e+07
2.1121126938e+03 7.943282e+07
2.1396453377e+03 8.128305e+07
2.1675495552e+03 8.317638e+07
2.1958302952e+03 8.511380e+07
2.2244925745e+03 8.709636e+07
2.2535414787e+03 8.912509e+07
2.2829821633e+03 9.120108e+07
2.3128198546e+03 9.332543e+07
2.3430598509e+03 9.549926e+07
2.3737075233e+03 9.772372e+07
2.4047683171e+03 1.000000e+08
2.4362477527e+03 1.023293e+08
2.4681514265e+03 1.047129e+08
2.5004850124e+03 1.071519e+08
2.5332542626e+03 1.096478e+08
2.5664650087e+03 1.122018e+08
2.6001231634e+03 1.148154e+08
2.6342347207e+03 1.174898e+08
2.6688057579e+03 1.202264e+08
2.7038424364e+03 1.230269e+08
2.7393510030e+03 1.258925e+08
2.7753377909e+03 1.288250e+08
2.8118092212e+03 1.318257e+08
2.8487718042e+03 1.348963e+08
2.8862321401e+03 1.380384e+08
2.9241969210e+03 1.412538e+08
2.9626729316e+03 1.445440e+08
3.0016670506e+03 1.479108e+08
3.0411862525e+03 1.513561e+08
3.0812376083e+03 1.548817e+08
3.1218282870e+03 1.584893e+08
3.1629655574e+03 1.621810e+08
3.2046567887e+03 1.659587e+08
3.2469094526e+03 1.698244e+08
3.2897311244e+03 1.737801e+08
3.3331294844e+03 1.778279e+08
3.3771123194e+03 1.819701e+08
3.4216875242e+03 1.862087e+08
3.4668631032e+03 1.905461e+08
3.5126471713e+03 1.949845e+08
3.5590479565e+03 1.995262e+08
3.6060738002e+03 2.041738e+08
3.6537331599e+03 2.089296e+08
3.7020346098e+03 2.137962e+08
3.7509868433e+03 2.187762e+08
3.8005986738e+03 2.238721e+08
3.8508790369e+03 2.290868e+08
3.9018369918e+03 2.344229e+08
3.9534817232e+03 2.398833e+08
4.0058225429e+03 2.454709e+08
4.0588688912e+03 2.511886e+08
4.1126303394e+03 2.570396e+08
4.1671165907e+03 2.630268e+08
4.2223374829e+03 2.691535e+08
4.2783029895e+03 2.754229e+08
4.3350232219e+03 2.818383e+08
4.3925084310e+03 2.884032e+08
4.4507690098e+03 2.951209e+08
4.5098154943e+03 3.019952e+08
4.5696585664e+03 3.090295e+08
4.6303090551e+03 3.162278e+08
4.6917779393e+03 3.235937e+08
4.7540763490e+03 3.311311e+08
4.8172155681e+03 3.388442e+08
4.8812070359e+03 3.467369e+08
4.9460623498e+03 3.548134e+08
5.0117932669e+03 3.630781e+08
5.0784117065e+03 3.715352e+08
5.1459297523e+03 3.801894e+08
5.2143596545e+03 3.890451e+08
5.2837138323e+03 3.981072e+08
5.3540048758e+03 4.073803e+08
5.4252455488e+03 4.168694e+08
5.4974487909e+03 4.265795e+08
5.5706277200e+03 4.365158e+08
5.6447956347e+03 4.466836e+08
5.7199660168e+03 4.570882e+08
5.7961525335e+03 4.677351e+08
5.8733690408e+03 4.786301e+08
5.9516295849e+03 4.897788e+08
6.0309484058e+03 5.011872e+08
6.1113399393e+03 5.128614e+08
6.1928188201e+03 5.248075e+08
6.2753998844e+03 5.370318e+08
6.3590981725e+03 5.495409e+08
6.4439289317e+03 5.623413e+08
6.5299076193e+03 5.754399e+08
6.6170499052e+03 5.888437e+08
6.7053716752e+03 6.025596e+08
6.7948890333e+03 6.165950e+08
6.8856183055e+03 6.309573e+08
6.9775760423e+03 6.456542e+08
7.0707790221e+03 6.606934e+08
7.1652442538e+03 6.760830e+08
7.2609889808e+03 6.918310e+08
7.3580306836e+03 7.079458e+08
7.4563870830e+03 7.244360e+08
7.5560761440e+03 7.413102e+08
7.6571160786e+03 7.585776e+08
7.7595253494e+03 7.762471e+08
7.8633226731e+03 7.943282e+08
7.9685270238e+03 8.128305e+08
8.0751576368e+03 8.317638e+08
8.1832340121e+03 8.511380e+08
8.2927759179e+03 8.709636e+08
8.4038033945e+03 8.912509e+08
8.5163367579e+03 9.120108e+08
8.6303966038e+03 9.332543e+08
8.7460038112e+03 9.549926e+08
8.8631795463e+03 9.772372e+08
8.9819452669e+03 1.000000e+09
9.1023227258e+03 1.023293e+09
9.2243339752e+03 1.047129e+09
9.3480013710e+03 1.071519e+09
9.4733475766e+03 1.096478e+09
9.6003955673e+03 1.122018e+09
9.7291686348e+03 1.148154e+09
9.8596903913e+03 1.174898e+09
9.9919847738e+03 1.202264e+09
1.0126076049e+04 1.230269e+09
1.0261988818e+04 1.258925e+09
1.0399748020e+04 1.288250e+09
1.0539378937e+04 1.318257e+09
1.0680907201e+04 1.348963e+09
1.0824358795e+04 1.380384e+09
1.0969760061e+04 1.412538e+09
1.1117137702e+04 1.445440e+09
1.1266518790e+04 1.479108e+09
1.1417930770e+04 1.513561e+09
1.1571401464e+04 1.548817e+09
1.1726959078e+04 1.584893e+09
1.1884632205e+04 1.621810e+09
1.2044449835e+04 1.659587e+09
1.2206441353e+04 1.698244e+09
1.2370636551e+04 1.737801e+09
1.2537065631e+04 1.778279e+09
1.2705759212e+04 1.819701e+09
1.2876748334e+04 1.862087e+09
1.3050064463e+04 1.905461e+09
1.3225739501e+04 1.949845e+09
1.3403805788e+04 1.995262e+09
1.3584296110e+04 2.041738e+09
1.3767243705e+04 2.089296e+09
1.3952682268e+04 2.137962e+09
1.4140645959e+04 2.187762e+09
1.4331169409e+04 2.238721e+09
1.4524287726e+04 2.290868e+09
1.4720036500e+04 2.344229e+09
1.4918451814e+04 2.398833e+09
1.5119570248e+04 2.454709e+09
1.5323428884e+04 2.511886e+09
1.5530065318e+04 2.570396e+09
1.5739517662e+04 2.630268e+09
1.5951824554e+04 2.691535e+09
1.6167025165e+04 2.754229e+09
1.6385159205e+04 2.818383e+09
1.6606266932e+04 2.884032e+09
1.6830389160e+04 2.951209e+09
1.7057567264e+04 3.019952e+09
1.7287843190e+04 3.090295e+09
1.7521259464e+04 3.162278e+09
1.7757859194e+04 3.235937e+09
1.7997686088e+04 3.311311e+09
1.8240784452e+04 3.388442e+09
1.8487199206e+04 3.467369e+09
1.8736975888e+04 3.548134e+09
1.8990160665e+04 3.630781e+09
1.9246800339e+04 3.715352e+09
1.9506942359e+04 3.801894e+09
1.9770634829e+04 3.890451e+09
2.0037926515e+04 3.981072e+09
2.0308866855e+04 4.073803e+09
2.0583505972e+04 4.168694e+09
2.0861894677e+04 4.265795e+09
2.1144084485e+04 4.365158e+09
2.1430127619e+04 4.466836e+09
2.1720077024e+04 4.570882e+09
2.2013986376e+04 4.677351e+09
2.2311910090e+04 4.786301e+09
2.2613903332e+04 4.897788e+09
2.2920022031e+04 5.011872e+09
2.3230322886e+04 5.128614e+09
2.3544863379e+04 5.248075e+09
2.3863701784e+04 5.370318e+09
2.4186897182e+04 5.495409e+09
2.4514509467e+04 5.623413e+09
2.4846599360e+04 5.754399e+09
2.5183228422e+04 5.888437e+09
2.5524459060e+04 6.025596e+09
2.5870354545e+04 6.165950e+09
2.6220979021e+04 6.309573e+09
2.6576397518e+04 6.456542e+09
2.6936675962e+04 6.606934e+09
2.7301881191e+04 6.760830e+09
2.7672080964e+04 6.918310e+09
2.8047343975e+04 7.079458e+09
2.8427739870e+04 7.244360e+09
2.8813339253e+04 7.413102e+09
2.9204213704e+04 7.585776e+09
2.9600435792e+04 7.762471e+09
3.0002079086e+04 7.943282e+09
3.0409218174e+04 8.128305e+09
3.0821928671e+04 8.317638e+09
3.1240287238e+04 8.511380e+09
3.1664371594e+04 8.709636e+09
3.2094260531e+04 8.912509e+09
3.2530033931e+04 9.120108e+09
3.2971772778e+04 9.332543e+09
3.3419559172e+04 9.549926e+09
3.3873476353e+04 9.772372e+09
3.4333608704e+04 1.000000e+10
3.4800041779e+04 1.023293e+10
3.5272862310e+04 1.047129e+10
3.5752158230e+04 1.071519e+10
3.6238018686e+04 1.096478e+10
3.6730534054e+04 1.122018e+10
3.7229795962e+04 1.148154e+10
3.7735897302e+04 1.174898e+10
3.8248932251e+04 1.202264e+10
3.8768996284e+04 1.230269e+10
3.9296186200e+04 1.258925e+10
3.9830600130e+04 1.288250e+10
4.0372337567e+04 1.318257e+10
4.0921499372e+04 1.348963e+10
4.1478187806e+04 1.380384e+10
4.2042506540e+04 1.412538e+10
4.2614560678e+04 1.445440e+10
4.3194456777e+04 1.479108e+10
4.3782302866e+04 1.513561e+10
4.4378208468e+04 1.548817e+10
4.4982284618e+04 1.584893e+10
4.5594643889e+04 1.621810e+10
4.6215400406e+04 1.659587e+10
4.6844669875e+04 1.698244e+10
4.7482569598e+04 1.737801e+10
4.8129218501e+04 1.778279e+10
4.8784737154e+04 1.819701e+10
4.9449247792e+04 1.862087e+10
5.0122874342e+04 1.905461e+10
5.0805742442e+04 1.949845e+10
5.1497979468e+04 1.995262e+10
5.2199714558e+04 2.041738e+10
5.2911078634e+04 2.089296e+10
5.3632204429e+04 2.137962e+10
5.4363226511e+04 2.187762e+10
5.5104281309e+04 2.238721e+10
5.5855507137e+04 2.290868e+10
5.6617044225e+04 2.344229e+10
5.7389034738e+04 2.398833e+10
5.8171622810e+04 2.454709e+10
5.8964954567e+04 2.511886e+10
5.9769178155e+04 2.570396e+10
6.0584443771e+04 2.630268e+10
6.1410903688e+04 2.691535e+10
6.2248712284e+04 2.754229e+10
6.3098026074e+04 2.818383e+10
6.3959003738e+04 2.884032e+10
6.4831806148e+04 2.951209e+10
6.5716596404e+04 3.019952e+10
6.6613539861e+04 3.090295e+10
6.7522804162e+04 3.162278e+10
6.8444559267e+04 3.235937e+10
6.9378977490e+04 3.311311e+10
7.0326233527e+04 3.388442e+10
7.1286504490e+04 3.467369e+10
7.2259969944e+04 3.548134e+10
7.3246811935e+04 3.630781e+10
7.4247215030e+04 3.715352e+10
7.5261366349e+04 3.801894e+10
7.6289455601e+04 3.890451e+10
7.7331675118e+04 3.981072e+10
7.8388219897e+04 4.073803e+10
7.9459287629e+04 4.168694e+10
8.0545078744e+04 4.265795e+10
8.1645796443e+04 4.365158e+10
8.2761646740e+04 4.466836e+10
8.3892838499e+04 4.570882e+10
8.5039583477e+04 4.677351e+10
8.6202096358e+04 4.786301e+10
8.7380594800e+04 4.897788e+10
8.8575299470e+04 5.011872e+10
8.9786434091e+04 5.128614e+10
9.1014225484e+04 5.248075e+10
9.2258903607e+04 5.370318e+10
9.3520701601e+04 5.495409e+10
9.4799855834e+04 5.623413e+10
9.6096605946e+04 5.754399e+10
9.7411194895e+04 5.888437e+10
9.8743869001e+04 6.025596e+10
1.0009487799e+05 6.165950e+10
1.0146447506e+05 6.309573e+10
1.0285291689e+05 6.456542e+10
1.0426046373e+05 6.606934e+10
1.0568737943e+05 6.760830e+10
1.0713393148e+05 6.918310e+10
1.0860039110e+05 7.079458e+10
1.1008703324e+05 7.244360e+10
1.1159413667e+05 7.413102e+10
1.1312198401e+05 7.585776e+10
1.1467086179e+05 7.762471e+10
1.1624106054e+05 7.943282e+10
1.1783287476e+05 8.128305e+10
1.1944660307e+05 8.317638e+10
1.2108254822e+05 8.511380e+10
1.2274101712e+05 8.709636e+10
1.2442232097e+05 8.912509e+10
1.2612677526e+05 9.120108e+10
1.2785469984e+05 9.332543e+10
1.2960641901e+05 9.549926e+10
1.3138226156e+05 9.772372e+10
1.3318256080e+05 1.000000e+11
1.3500765470e+05 1.023293e+11
1.3685788589e+05 1.047129e+11
1.3873360174e+05 1.071519e+11
1.4063515444e+05 1.096478e+11
1.4256290105e+05 1.122018e+11
1.4451720359e+05 1.148154e+11
1.4649842909e+05 1.174898e+11
1.4850694964e+05 1.202264e+11
1.5054314252e+05 1.230269e+11
1.5260739021e+05 1.258925e+11
1.5470008050e+05 1.288250e+11
1.5682160655e+05 1.318257e+11
1.5897236696e+05 1.348963e+11
1.6115276585e+05 1.380384e+11
1.6336321296e+05 1.412538e+11
1.6560412369e+05 1.445440e+11
1.6787591918e+05 1.479108e+11
1.7017902643e+05 1.513561e+11
1.7251387835e+05 1.548817e+11
1.7488091383e+05 1.584893e+11
1.7728057786e+05 1.621810e+11
1.7971332160e+05 1.659587e+11
1.8217960243e+05 1.698244e+11
1.8467988410e+05 1.737801e+11
1.8721463676e+05 1.778279e+11
1.8978433710e+05 1.819701e+11
1.9238946839e+05 1.862087e+11
1.9503052062e+05 1.905461e+11
1.9770799055e+05 1.949845e+11
2.0042238183e+05 1.995262e+11
2.0317420509e+05 2.041738e+11
2.0596397804e+05 2.089296e+11
2.0879222556e+05 2.137962e+11
2.1165947979e+05 2.187762e+11
2.1456628028e+05 2.238721e+11
2.1751317402e+05 2.290868e+11
2.2050071560e+05 2.344229e+11
2.2352946729e+05 2.398833e+11
2.2659999915e+05 2.454709e+11
2.2971288915e+05 2.511886e+11
2.3286872327e+05 2.570396e+11
2.3606809560e+05 2.630268e+11
2.3931160847e+05 2.691535e+11
2.4259987256e+05 2.754229e+11
2.4593350702e+05 2.818383e+11
2.4931313956e+05 2.884032e+11
2.5273940661e+05 2.951209e+11
2.5621295342e+05 3.019952e+11
2.5973443419e+05 3.090295e+11
2.6330451217e+05 3.162278e+11
2.6692385981e+05 3.235937e+11
2.7059315888e+05 3.311311e+11
2.7431310062e+05 3.388442e+11
2.7808438583e+05 3.467369e+11
2.8190772504e+05 3.548134e+11
2.8578383861e+05 3.630781e+11
2.8971345690e+05 3.715352e+11
2.9369732040e+05 3.801894e+11
2.9773617987e+05 3.890451e+11
3.0183079644e+05 3.981072e+11
3.0598194185e+05 4.073803e+11
3.1019039849e+05 4.168694e+11
3.1445695963e+05 4.265795e+11
3.1878242952e+05 4.365158e+11
3.2316762356e+05 4.466836e+11
3.2761336848e+05 4.570882e+11
3.3212050244e+05 4.677351e+11
3.3668987524e+05 4.786301e+11
3.4132234846e+05 4.897788e+11
3.4601879562e+05 5.011872e+11
3.5078010237e+05 5.128614e+11
3.5560716663e+05 5.248075e+11
3.6050089876e+05 5.370318e+11
3.6546222175e+05 5.495409e+11
3.7049207141e+05 5.623413e+11
3.7559139649e+05 5.754399e+11
3.8076115893e+05 5.888437e+11
3.8600233399e+05 6.025596e+11
3.9131591047e+05 6.165950e+11
3.9670289086e+05 6.309573e+11
4.0216429157e+05 6.456542e+11
4.0770114311e+05 6.606934e+11
4.1331449026e+05 6.760830e+11
4.1900539231e+05 6.918310e+11
4.2477492324e+05 7.079458e+11
4.3062417190e+05 7.244360e+11
4.3655424229e+05 7.413102e+11
4.4256625367e+05 7.585776e+11
4.4866134085e+05 7.762471e+11
4.5484065439e+05 7.943282e+11
4.6110536078e+05 8.128305e+11
4.6745664270e+05 8.317638e+11
4.7389569926e+05 8.511380e+11
4.8042374616e+05 8.709636e+11
4.8704201599e+05 8.912509e+11
4.9375175844e+05 9.120108e+11
5.0055424051e+05 9.332543e+11
5.0745074680e+05 9.549926e+11
5.1444257972e+05 9.772372e+11
5.2153105974e+05 1.000000e+12
