rho (g/cm^-3)	P (GPa)
1.4600010000e+00 1.000000e-08
1.4600010000e+00 1.023293e-08
1.4600010000e+00 1.047129e-08
1.4600010000e+00 1.071519e-08
1.4600010000e+00 1.096478e-08
1.4600010000e+00 1.122018e-08
1.4600010000e+00 1.148154e-08
1.4600010000e+00 1.174898e-08
1.4600010000e+00 1.202264e-08
1.4600010000e+00 1.230269e-08
1.4600010000e+00 1.258925e-08
1.4600010000e+00 1.288250e-08
1.4600010000e+00 1.318257e-08
1.4600010000e+00 1.348963e-08
1.4600010000e+00 1.380384e-08
1.4600010000e+00 1.412538e-08
1.4600010000e+00 1.445440e-08
1.4600010000e+00 1.479108e-08
1.4600010000e+00 1.513561e-08
1.4600010000e+00 1.548817e-08
1.4600010000e+00 1.584893e-08
1.4600010000e+00 1.621810e-08
1.4600010000e+00 1.659587e-08
1.4600010000e+00 1.698244e-08
1.4600010000e+00 1.737801e-08
1.4600010000e+00 1.778279e-08
1.4600010000e+00 1.819701e-08
1.4600010000e+00 1.862087e-08
1.4600010000e+00 1.905461e-08
1.4600010000e+00 1.949845e-08
1.4600010000e+00 1.995262e-08
1.4600010000e+00 2.041738e-08
1.4600010000e+00 2.089296e-08
1.4600010000e+00 2.137962e-08
1.4600010000e+00 2.187762e-08
1.4600010000e+00 2.238721e-08
1.4600010000e+00 2.290868e-08
1.4600010000e+00 2.344229e-08
1.4600010000e+00 2.398833e-08
1.4600010000e+00 2.454709e-08
1.4600010000e+00 2.511886e-08
1.4600010000e+00 2.570396e-08
1.4600010000e+00 2.630268e-08
1.4600010000e+00 2.691535e-08
1.4600010000e+00 2.754229e-08
1.4600010000e+00 2.818383e-08
1.4600010000e+00 2.884032e-08
1.4600010000e+00 2.951209e-08
1.4600010000e+00 3.019952e-08
1.4600010000e+00 3.090295e-08
1.4600010000e+00 3.162278e-08
1.4600010000e+00 3.235937e-08
1.4600010000e+00 3.311311e-08
1.4600010000e+00 3.388442e-08
1.4600010000e+00 3.467369e-08
1.4600010000e+00 3.548134e-08
1.4600010000e+00 3.630781e-08
1.4600010000e+00 3.715352e-08
1.4600010000e+00 3.801894e-08
1.4600010000e+00 3.890451e-08
1.4600010000e+00 3.981072e-08
1.4600010000e+00 4.073803e-08
1.4600010000e+00 4.168694e-08
1.4600010000e+00 4.265795e-08
1.4600010000e+00 4.365158e-08
1.4600010000e+00 4.466836e-08
1.4600010000e+00 4.570882e-08
1.4600010000e+00 4.677351e-08
1.4600010000e+00 4.786301e-08
1.4600010000e+00 4.897788e-08
1.4600010000e+00 5.011872e-08
1.4600010000e+00 5.128614e-08
1.4600010000e+00 5.248075e-08
1.4600010000e+00 5.370318e-08
1.4600010000e+00 5.495409e-08
1.4600010000e+00 5.623413e-08
1.4600010000e+00 5.754399e-08
1.4600010000e+00 5.888437e-08
1.4600010000e+00 6.025596e-08
1.4600010000e+00 6.165950e-08
1.4600010000e+00 6.309573e-08
1.4600010000e+00 6.456542e-08
1.4600010000e+00 6.606934e-08
1.4600010000e+00 6.760830e-08
1.4600010000e+00 6.918310e-08
1.4600010000e+00 7.079458e-08
1.4600010000e+00 7.244360e-08
1.4600010000e+00 7.413102e-08
1.4600010000e+00 7.585776e-08
1.4600010000e+00 7.762471e-08
1.4600010000e+00 7.943282e-08
1.4600010000e+00 8.128305e-08
1.4600010000e+00 8.317638e-08
1.4600010000e+00 8.511380e-08
1.4600010000e+00 8.709636e-08
1.4600010000e+00 8.912509e-08
1.4600010000e+00 9.120108e-08
1.4600010000e+00 9.332543e-08
1.4600010000e+00 9.549926e-08
1.4600010000e+00 9.772372e-08
1.4600010000e+00 1.000000e-07
1.4600010000e+00 1.023293e-07
1.4600010000e+00 1.047129e-07
1.4600010000e+00 1.071519e-07
1.4600010000e+00 1.096478e-07
1.4600010000e+00 1.122018e-07
1.4600010000e+00 1.148154e-07
1.4600010000e+00 1.174898e-07
1.4600010000e+00 1.202264e-07
1.4600010000e+00 1.230269e-07
1.4600010000e+00 1.258925e-07
1.4600010000e+00 1.288250e-07
1.4600010000e+00 1.318257e-07
1.4600010000e+00 1.348963e-07
1.4600010000e+00 1.380384e-07
1.4600010000e+00 1.412538e-07
1.4600010000e+00 1.445440e-07
1.4600010000e+00 1.479108e-07
1.4600010000e+00 1.513561e-07
1.4600010000e+00 1.548817e-07
1.4600010000e+00 1.584893e-07
1.4600010000e+00 1.621810e-07
1.4600010000e+00 1.659587e-07
1.4600010000e+00 1.698244e-07
1.4600010000e+00 1.737801e-07
1.4600010000e+00 1.778279e-07
1.4600010000e+00 1.819701e-07
1.4600010000e+00 1.862087e-07
1.4600010000e+00 1.905461e-07
1.4600010000e+00 1.949845e-07
1.4600010000e+00 1.995262e-07
1.4600010000e+00 2.041738e-07
1.4600010000e+00 2.089296e-07
1.4600010000e+00 2.137962e-07
1.4600010000e+00 2.187762e-07
1.4600010000e+00 2.238721e-07
1.4600010000e+00 2.290868e-07
1.4600010000e+00 2.344229e-07
1.4600010000e+00 2.398833e-07
1.4600010000e+00 2.454709e-07
1.4600010000e+00 2.511886e-07
1.4600010000e+00 2.570396e-07
1.4600010000e+00 2.630268e-07
1.4600010000e+00 2.691535e-07
1.4600010000e+00 2.754229e-07
1.4600010000e+00 2.818383e-07
1.4600010000e+00 2.884032e-07
1.4600010000e+00 2.951209e-07
1.4600010000e+00 3.019952e-07
1.4600010000e+00 3.090295e-07
1.4600010000e+00 3.162278e-07
1.4600010000e+00 3.235937e-07
1.4600010000e+00 3.311311e-07
1.4600010000e+00 3.388442e-07
1.4600010000e+00 3.467369e-07
1.4600010000e+00 3.548134e-07
1.4600010000e+00 3.630781e-07
1.4600010000e+00 3.715352e-07
1.4600010000e+00 3.801894e-07
1.4600010000e+00 3.890451e-07
1.4600010000e+00 3.981072e-07
1.4600010000e+00 4.073803e-07
1.4600010000e+00 4.168694e-07
1.4600010000e+00 4.265795e-07
1.4600010000e+00 4.365158e-07
1.4600010000e+00 4.466836e-07
1.4600010000e+00 4.570882e-07
1.4600010000e+00 4.677351e-07
1.4600010000e+00 4.786301e-07
1.4600010000e+00 4.897788e-07
1.4600010000e+00 5.011872e-07
1.4600010000e+00 5.128614e-07
1.4600010000e+00 5.248075e-07
1.4600010000e+00 5.370318e-07
1.4600010000e+00 5.495409e-07
1.4600010000e+00 5.623413e-07
1.4600010000e+00 5.754399e-07
1.4600010000e+00 5.888437e-07
1.4600010000e+00 6.025596e-07
1.4600010000e+00 6.165950e-07
1.4600010000e+00 6.309573e-07
1.4600010000e+00 6.456542e-07
1.4600010000e+00 6.606934e-07
1.4600010000e+00 6.760830e-07
1.4600010000e+00 6.918310e-07
1.4600010000e+00 7.079458e-07
1.4600010000e+00 7.244360e-07
1.4600010000e+00 7.413102e-07
1.4600010000e+00 7.585776e-07
1.4600010000e+00 7.762471e-07
1.4600010000e+00 7.943282e-07
1.4600010000e+00 8.128305e-07
1.4600010000e+00 8.317638e-07
1.4600010000e+00 8.511380e-07
1.4600010000e+00 8.709636e-07
1.4600010000e+00 8.912509e-07
1.4600010000e+00 9.120108e-07
1.4600010000e+00 9.332543e-07
1.4600010000e+00 9.549926e-07
1.4600010000e+00 9.772372e-07
1.4600010000e+00 1.000000e-06
1.4600010000e+00 1.023293e-06
1.4600010000e+00 1.047129e-06
1.4600010000e+00 1.071519e-06
1.4600010000e+00 1.096478e-06
1.4600010000e+00 1.122018e-06
1.4600010000e+00 1.148154e-06
1.4600010000e+00 1.174898e-06
1.4600010000e+00 1.202264e-06
1.4600010000e+00 1.230269e-06
1.4600010000e+00 1.258925e-06
1.4600010000e+00 1.288250e-06
1.4600010000e+00 1.318257e-06
1.4600010000e+00 1.348963e-06
1.4600010000e+00 1.380384e-06
1.4600010000e+00 1.412538e-06
1.4600010000e+00 1.445440e-06
1.4600010000e+00 1.479108e-06
1.4600010000e+00 1.513561e-06
1.4600010000e+00 1.548817e-06
1.4600010000e+00 1.584893e-06
1.4600010000e+00 1.621810e-06
1.4600010000e+00 1.659587e-06
1.4600010000e+00 1.698244e-06
1.4600010000e+00 1.737801e-06
1.4600010000e+00 1.778279e-06
1.4600010000e+00 1.819701e-06
1.4600010000e+00 1.862087e-06
1.4600010000e+00 1.905461e-06
1.4600010000e+00 1.949845e-06
1.4600010000e+00 1.995262e-06
1.4600010000e+00 2.041738e-06
1.4600010000e+00 2.089296e-06
1.4600010000e+00 2.137962e-06
1.4600010000e+00 2.187762e-06
1.4600010000e+00 2.238721e-06
1.4600010000e+00 2.290868e-06
1.4600010000e+00 2.344229e-06
1.4600010000e+00 2.398833e-06
1.4600010000e+00 2.454709e-06
1.4600010000e+00 2.511886e-06
1.4600010000e+00 2.570396e-06
1.4600010000e+00 2.630268e-06
1.4600010000e+00 2.691535e-06
1.4600010000e+00 2.754229e-06
1.4600010000e+00 2.818383e-06
1.4600010000e+00 2.884032e-06
1.4600010000e+00 2.951209e-06
1.4600010000e+00 3.019952e-06
1.4600010000e+00 3.090295e-06
1.4600010000e+00 3.162278e-06
1.4600010000e+00 3.235937e-06
1.4600010000e+00 3.311311e-06
1.4600010000e+00 3.388442e-06
1.4600010000e+00 3.467369e-06
1.4600010000e+00 3.548134e-06
1.4600010000e+00 3.630781e-06
1.4600010000e+00 3.715352e-06
1.4600010000e+00 3.801894e-06
1.4600010000e+00 3.890451e-06
1.4600010000e+00 3.981072e-06
1.4600010000e+00 4.073803e-06
1.4600010000e+00 4.168694e-06
1.4600010000e+00 4.265795e-06
1.4600010000e+00 4.365158e-06
1.4600010000e+00 4.466836e-06
1.4600010000e+00 4.570882e-06
1.4600010000e+00 4.677351e-06
1.4600010000e+00 4.786301e-06
1.4600010000e+00 4.897788e-06
1.4600010000e+00 5.011872e-06
1.4600010000e+00 5.128614e-06
1.4600010000e+00 5.248075e-06
1.4600010000e+00 5.370318e-06
1.4600010000e+00 5.495409e-06
1.4600010000e+00 5.623413e-06
1.4600010000e+00 5.754399e-06
1.4600010000e+00 5.888437e-06
1.4600010000e+00 6.025596e-06
1.4600010000e+00 6.165950e-06
1.4600010000e+00 6.309573e-06
1.4600010000e+00 6.456542e-06
1.4600010000e+00 6.606934e-06
1.4600010000e+00 6.760830e-06
1.4600010000e+00 6.918310e-06
1.4600010000e+00 7.079458e-06
1.4600010000e+00 7.244360e-06
1.4600010000e+00 7.413102e-06
1.4600010000e+00 7.585776e-06
1.4600010000e+00 7.762471e-06
1.4600010000e+00 7.943282e-06
1.4600010000e+00 8.128305e-06
1.4600010000e+00 8.317638e-06
1.4600010000e+00 8.511380e-06
1.4600010000e+00 8.709636e-06
1.4600010000e+00 8.912509e-06
1.4600010000e+00 9.120108e-06
1.4600010000e+00 9.332543e-06
1.4600010000e+00 9.549926e-06
1.4600010000e+00 9.772372e-06
1.4600010000e+00 1.000000e-05
1.4600010000e+00 1.023293e-05
1.4600010000e+00 1.047129e-05
1.4600010000e+00 1.071519e-05
1.4600010000e+00 1.096478e-05
1.4600010000e+00 1.122018e-05
1.4600010000e+00 1.148154e-05
1.4600010000e+00 1.174898e-05
1.4600010000e+00 1.202264e-05
1.4600010000e+00 1.230269e-05
1.4600010000e+00 1.258925e-05
1.4600010000e+00 1.288250e-05
1.4600010000e+00 1.318257e-05
1.4600010000e+00 1.348963e-05
1.4600010000e+00 1.380384e-05
1.4600010000e+00 1.412538e-05
1.4600010000e+00 1.445440e-05
1.4600010000e+00 1.479108e-05
1.4600010000e+00 1.513561e-05
1.4600010000e+00 1.548817e-05
1.4600010000e+00 1.584893e-05
1.4600010000e+00 1.621810e-05
1.4600010319e+00 1.659587e-05
1.4600010651e+00 1.698244e-05
1.4600010983e+00 1.737801e-05
1.4600011316e+00 1.778279e-05
1.4600011648e+00 1.819701e-05
1.4600011980e+00 1.862087e-05
1.4600012312e+00 1.905461e-05
1.4600012644e+00 1.949845e-05
1.4600012977e+00 1.995262e-05
1.4600013309e+00 2.041738e-05
1.4600013641e+00 2.089296e-05
1.4600013973e+00 2.137962e-05
1.4600014305e+00 2.187762e-05
1.4600014638e+00 2.238721e-05
1.4600014970e+00 2.290868e-05
1.4600015302e+00 2.344229e-05
1.4600015634e+00 2.398833e-05
1.4600015966e+00 2.454709e-05
1.4600016299e+00 2.511886e-05
1.4600016631e+00 2.570396e-05
1.4600016963e+00 2.630268e-05
1.4600017295e+00 2.691535e-05
1.4600017627e+00 2.754229e-05
1.4600017959e+00 2.818383e-05
1.4600018292e+00 2.884032e-05
1.4600018624e+00 2.951209e-05
1.4600018956e+00 3.019952e-05
1.4600019288e+00 3.090295e-05
1.4600019620e+00 3.162278e-05
1.4600019953e+00 3.235937e-05
1.4600020487e+00 3.311311e-05
1.4600021055e+00 3.388442e-05
1.4600021623e+00 3.467369e-05
1.4600022191e+00 3.548134e-05
1.4600022758e+00 3.630781e-05
1.4600023326e+00 3.715352e-05
1.4600023894e+00 3.801894e-05
1.4600024462e+00 3.890451e-05
1.4600025030e+00 3.981072e-05
1.4600025598e+00 4.073803e-05
1.4600026166e+00 4.168694e-05
1.4600026734e+00 4.265795e-05
1.4600027302e+00 4.365158e-05
1.4600027869e+00 4.466836e-05
1.4600028437e+00 4.570882e-05
1.4600029005e+00 4.677351e-05
1.4600029573e+00 4.786301e-05
1.4600030199e+00 4.897788e-05
1.4600030999e+00 5.011872e-05
1.4600031799e+00 5.128614e-05
1.4600032600e+00 5.248075e-05
1.4600033400e+00 5.370318e-05
1.4600034201e+00 5.495409e-05
1.4600035001e+00 5.623413e-05
1.4600035801e+00 5.754399e-05
1.4600036602e+00 5.888437e-05
1.4600037402e+00 6.025596e-05
1.4600038203e+00 6.165950e-05
1.4600039003e+00 6.309573e-05
1.4600039803e+00 6.456542e-05
1.4600040778e+00 6.606934e-05
1.4600041810e+00 6.760830e-05
1.4600042842e+00 6.918310e-05
1.4600043874e+00 7.079458e-05
1.4600044906e+00 7.244360e-05
1.4600045938e+00 7.413102e-05
1.4600046970e+00 7.585776e-05
1.4600048001e+00 7.762471e-05
1.4600049033e+00 7.943282e-05
1.4600050080e+00 8.128305e-05
1.4600051343e+00 8.317638e-05
1.4600052606e+00 8.511380e-05
1.4600053869e+00 8.709636e-05
1.4600055132e+00 8.912509e-05
1.4600056394e+00 9.120108e-05
1.4600057657e+00 9.332543e-05
1.4600058920e+00 9.549926e-05
1.4600060217e+00 9.772372e-05
1.4600061710e+00 1.000000e-04
1.4600063204e+00 1.023293e-04
1.4600064698e+00 1.047129e-04
1.4600066192e+00 1.071519e-04
1.4600067685e+00 1.096478e-04
1.4600069179e+00 1.122018e-04
1.4600070777e+00 1.148154e-04
1.4600072501e+00 1.174898e-04
1.4600074225e+00 1.202264e-04
1.4600075950e+00 1.230269e-04
1.4600077674e+00 1.258925e-04
1.4600079398e+00 1.288250e-04
1.4600081273e+00 1.318257e-04
1.4600083228e+00 1.348963e-04
1.4600085183e+00 1.380384e-04
1.4600087138e+00 1.412538e-04
1.4600089092e+00 1.445440e-04
1.4600091171e+00 1.479108e-04
1.4600093356e+00 1.513561e-04
1.4600095542e+00 1.548817e-04
1.4600097727e+00 1.584893e-04
1.4600099913e+00 1.621810e-04
1.4600102319e+00 1.659587e-04
1.4600104735e+00 1.698244e-04
1.4600107151e+00 1.737801e-04
1.4600109567e+00 1.778279e-04
1.4600112172e+00 1.819701e-04
1.4600114818e+00 1.862087e-04
1.4600117464e+00 1.905461e-04
1.4600120120e+00 1.949845e-04
1.4600122997e+00 1.995262e-04
1.4600125873e+00 2.041738e-04
1.4600128750e+00 2.089296e-04
1.4600131757e+00 2.137962e-04
1.4600134864e+00 2.187762e-04
1.4600137971e+00 2.238721e-04
1.4600141158e+00 2.290868e-04
1.4600144495e+00 2.344229e-04
1.4600147833e+00 2.398833e-04
1.4600151251e+00 2.454709e-04
1.4600154819e+00 2.511886e-04
1.4600158386e+00 2.570396e-04
1.4600162080e+00 2.630268e-04
1.4600165878e+00 2.691535e-04
1.4600169676e+00 2.754229e-04
1.4600173685e+00 2.818383e-04
1.4600177713e+00 2.884032e-04
1.4600181841e+00 2.951209e-04
1.4600186100e+00 3.019952e-04
1.4600190378e+00 3.090295e-04
1.4600194867e+00 3.162278e-04
1.4600199356e+00 3.235937e-04
1.4600204042e+00 3.311311e-04
1.4600208761e+00 3.388442e-04
1.4600213650e+00 3.467369e-04
1.4600218600e+00 3.548134e-04
1.4600223715e+00 3.630781e-04
1.4600228895e+00 3.715352e-04
1.4600234256e+00 3.801894e-04
1.4600239666e+00 3.890451e-04
1.4600245292e+00 3.981072e-04
1.4600250970e+00 4.073803e-04
1.4600256841e+00 4.168694e-04
1.4600262818e+00 4.265795e-04
1.4600268919e+00 4.365158e-04
1.4600275209e+00 4.466836e-04
1.4600281597e+00 4.570882e-04
1.4600288158e+00 4.677351e-04
1.4600294885e+00 4.786301e-04
1.4600301734e+00 4.897788e-04
1.4600308756e+00 5.011872e-04
1.4600315967e+00 5.128614e-04
1.4600323322e+00 5.248075e-04
1.4600330829e+00 5.370318e-04
1.4600338542e+00 5.495409e-04
1.4600346442e+00 5.623413e-04
1.4600354512e+00 5.754399e-04
1.4600362761e+00 5.888437e-04
1.4600371196e+00 6.025596e-04
1.4600379830e+00 6.165950e-04
1.4600388690e+00 6.309573e-04
1.4600397750e+00 6.456542e-04
1.4600407017e+00 6.606934e-04
1.4600416499e+00 6.760830e-04
1.4600426199e+00 6.918310e-04
1.4600436125e+00 7.079458e-04
1.4600446282e+00 7.244360e-04
1.4600456674e+00 7.413102e-04
1.4600467307e+00 7.585776e-04
1.4600478185e+00 7.762471e-04
1.4600489314e+00 7.943282e-04
1.4600500711e+00 8.128305e-04
1.4600512384e+00 8.317638e-04
1.4600524323e+00 8.511380e-04
1.4600536533e+00 8.709636e-04
1.4600549016e+00 8.912509e-04
1.4600561808e+00 9.120108e-04
1.4600574902e+00 9.332543e-04
1.4600588283e+00 9.549926e-04
1.4600601985e+00 9.772372e-04
1.4600616012e+00 1.000000e-03
1.4600630343e+00 1.023293e-03
1.4600645041e+00 1.047129e-03
1.4600660045e+00 1.071519e-03
1.4600675437e+00 1.096478e-03
1.4600691157e+00 1.122018e-03
1.4600707262e+00 1.148154e-03
1.4600723736e+00 1.174898e-03
1.4600740580e+00 1.202264e-03
1.4600757836e+00 1.230269e-03
1.4600775492e+00 1.258925e-03
1.4600793552e+00 1.288250e-03
1.4600812029e+00 1.318257e-03
1.4600830937e+00 1.348963e-03
1.4600850287e+00 1.380384e-03
1.4600870090e+00 1.412538e-03
1.4600890356e+00 1.445440e-03
1.4600911096e+00 1.479108e-03
1.4600932321e+00 1.513561e-03
1.4600954038e+00 1.548817e-03
1.4600976257e+00 1.584893e-03
1.4600998987e+00 1.621810e-03
1.4601022257e+00 1.659587e-03
1.4601046069e+00 1.698244e-03
1.4601070422e+00 1.737801e-03
1.4601095362e+00 1.778279e-03
1.4601120865e+00 1.819701e-03
1.4601146976e+00 1.862087e-03
1.4601173689e+00 1.905461e-03
1.4601201018e+00 1.949845e-03
1.4601228990e+00 1.995262e-03
1.4601257616e+00 2.041738e-03
1.4601286907e+00 2.089296e-03
1.4601316878e+00 2.137962e-03
1.4601347546e+00 2.187762e-03
1.4601378926e+00 2.238721e-03
1.4601411040e+00 2.290868e-03
1.4601443907e+00 2.344229e-03
1.4601477533e+00 2.398833e-03
1.4601511942e+00 2.454709e-03
1.4601547155e+00 2.511886e-03
1.4601583187e+00 2.570396e-03
1.4601620051e+00 2.630268e-03
1.4601657785e+00 2.691535e-03
1.4601696394e+00 2.754229e-03
1.4601735901e+00 2.818383e-03
1.4601776327e+00 2.884032e-03
1.4601817693e+00 2.951209e-03
1.4601860019e+00 3.019952e-03
1.4601903341e+00 3.090295e-03
1.4601947665e+00 3.162278e-03
1.4601993023e+00 3.235937e-03
1.4602039432e+00 3.311311e-03
1.4602086930e+00 3.388442e-03
1.4602135530e+00 3.467369e-03
1.4602185261e+00 3.548134e-03
1.4602236149e+00 3.630781e-03
1.4602288221e+00 3.715352e-03
1.4602341506e+00 3.801894e-03
1.4602396035e+00 3.890451e-03
1.4602451829e+00 3.981072e-03
1.4602508923e+00 4.073803e-03
1.4602567349e+00 4.168694e-03
1.4602627133e+00 4.265795e-03
1.4602688308e+00 4.365158e-03
1.4602750907e+00 4.466836e-03
1.4602814967e+00 4.570882e-03
1.4602880512e+00 4.677351e-03
1.4602947589e+00 4.786301e-03
1.4603016225e+00 4.897788e-03
1.4603086459e+00 5.011872e-03
1.4603158325e+00 5.128614e-03
1.4603231867e+00 5.248075e-03
1.4603307120e+00 5.370318e-03
1.4603384125e+00 5.495409e-03
1.4603462922e+00 5.623413e-03
1.4603543553e+00 5.754399e-03
1.4603626060e+00 5.888437e-03
1.4603710486e+00 6.025596e-03
1.4603796881e+00 6.165950e-03
1.4603885285e+00 6.309573e-03
1.4603975746e+00 6.456542e-03
1.4604068311e+00 6.606934e-03
1.4604163032e+00 6.760830e-03
1.4604259955e+00 6.918310e-03
1.4604359136e+00 7.079458e-03
1.4604460624e+00 7.244360e-03
1.4604564476e+00 7.413102e-03
1.4604670741e+00 7.585776e-03
1.4604779480e+00 7.762471e-03
1.4604890750e+00 7.943282e-03
1.4605004611e+00 8.128305e-03
1.4605121117e+00 8.317638e-03
1.4605240335e+00 8.511380e-03
1.4605362329e+00 8.709636e-03
1.4605487160e+00 8.912509e-03
1.4605614895e+00 9.120108e-03
1.4605745602e+00 9.332543e-03
1.4605879348e+00 9.549926e-03
1.4606016208e+00 9.772372e-03
1.4606156250e+00 1.000000e-02
1.4606299549e+00 1.023293e-02
1.4606446184e+00 1.047129e-02
1.4606596228e+00 1.071519e-02
1.4606749761e+00 1.096478e-02
1.4606906867e+00 1.122018e-02
1.4607067626e+00 1.148154e-02
1.4607232124e+00 1.174898e-02
1.4607400446e+00 1.202264e-02
1.4607572685e+00 1.230269e-02
1.4607748928e+00 1.258925e-02
1.4607929269e+00 1.288250e-02
1.4608113805e+00 1.318257e-02
1.4608302630e+00 1.348963e-02
1.4608495847e+00 1.380384e-02
1.4608693555e+00 1.412538e-02
1.4608895860e+00 1.445440e-02
1.4609102868e+00 1.479108e-02
1.4609314688e+00 1.513561e-02
1.4609531432e+00 1.548817e-02
1.4609753214e+00 1.584893e-02
1.4609980151e+00 1.621810e-02
1.4610212363e+00 1.659587e-02
1.4610449971e+00 1.698244e-02
1.4610693103e+00 1.737801e-02
1.4610941884e+00 1.778279e-02
1.4611196446e+00 1.819701e-02
1.4611456923e+00 1.862087e-02
1.4611723452e+00 1.905461e-02
1.4611996174e+00 1.949845e-02
1.4612275231e+00 1.995262e-02
1.4612560771e+00 2.041738e-02
1.4612852945e+00 2.089296e-02
1.4613151904e+00 2.137962e-02
1.4613457808e+00 2.187762e-02
1.4613770815e+00 2.238721e-02
1.4614091093e+00 2.290868e-02
1.4614418807e+00 2.344229e-02
1.4614754131e+00 2.398833e-02
1.4615097241e+00 2.454709e-02
1.4615448316e+00 2.511886e-02
1.4615807542e+00 2.570396e-02
1.4616175106e+00 2.630268e-02
1.4616551202e+00 2.691535e-02
1.4616936027e+00 2.754229e-02
1.4617329782e+00 2.818383e-02
1.4617732675e+00 2.884032e-02
1.4618144916e+00 2.951209e-02
1.4618566721e+00 3.019952e-02
1.4618998312e+00 3.090295e-02
1.4619439915e+00 3.162278e-02
1.4619891760e+00 3.235937e-02
1.4620354085e+00 3.311311e-02
1.4620827132e+00 3.388442e-02
1.4621311146e+00 3.467369e-02
1.4621806384e+00 3.548134e-02
1.4622313102e+00 3.630781e-02
1.4622831565e+00 3.715352e-02
1.4623362046e+00 3.801894e-02
1.4623904821e+00 3.890451e-02
1.4624460172e+00 3.981072e-02
1.4625028391e+00 4.073803e-02
1.4625609774e+00 4.168694e-02
1.4626204624e+00 4.265795e-02
1.4626813250e+00 4.365158e-02
1.4627435971e+00 4.466836e-02
1.4628073111e+00 4.570882e-02
1.4628725002e+00 4.677351e-02
1.4629391982e+00 4.786301e-02
1.4630074400e+00 4.897788e-02
1.4630772610e+00 5.011872e-02
1.4631486974e+00 5.128614e-02
1.4632217865e+00 5.248075e-02
1.4632965662e+00 5.370318e-02
1.4633730753e+00 5.495409e-02
1.4634513536e+00 5.623413e-02
1.4635314416e+00 5.754399e-02
1.4636133808e+00 5.888437e-02
1.4636972137e+00 6.025596e-02
1.4637829837e+00 6.165950e-02
1.4638707352e+00 6.309573e-02
1.4639605137e+00 6.456542e-02
1.4640523654e+00 6.606934e-02
1.4641463380e+00 6.760830e-02
1.4642424798e+00 6.918310e-02
1.4643408406e+00 7.079458e-02
1.4644414710e+00 7.244360e-02
1.4645444230e+00 7.413102e-02
1.4646497495e+00 7.585776e-02
1.4647575048e+00 7.762471e-02
1.4648677443e+00 7.943282e-02
1.4649805247e+00 8.128305e-02
1.4650959039e+00 8.317638e-02
1.4652139411e+00 8.511380e-02
1.4653346969e+00 8.709636e-02
1.4654582332e+00 8.912509e-02
1.4655846133e+00 9.120108e-02
1.4657139017e+00 9.332543e-02
1.4658461647e+00 9.549926e-02
1.4659814697e+00 9.772372e-02
1.4661198859e+00 1.000000e-01
1.4662614839e+00 1.023293e-01
1.4664063358e+00 1.047129e-01
1.4665545153e+00 1.071519e-01
1.4667060979e+00 1.096478e-01
1.4668611605e+00 1.122018e-01
1.4670197818e+00 1.148154e-01
1.4671820424e+00 1.174898e-01
1.4673480243e+00 1.202264e-01
1.4675178117e+00 1.230269e-01
1.4676914903e+00 1.258925e-01
1.4678691479e+00 1.288250e-01
1.4680508740e+00 1.318257e-01
1.4682367602e+00 1.348963e-01
1.4684269002e+00 1.380384e-01
1.4686213894e+00 1.412538e-01
1.4688203255e+00 1.445440e-01
1.4690238083e+00 1.479108e-01
1.4692319396e+00 1.513561e-01
1.4694448237e+00 1.548817e-01
1.4696625667e+00 1.584893e-01
1.4698852773e+00 1.621810e-01
1.4701143166e+00 1.659587e-01
1.4703461815e+00 1.698244e-01
1.4705853972e+00 1.737801e-01
1.4708293453e+00 1.778279e-01
1.4710780795e+00 1.819701e-01
1.4713325383e+00 1.862087e-01
1.4715939845e+00 1.905461e-01
1.4718608138e+00 1.949845e-01
1.4721333003e+00 1.995262e-01
1.4724117023e+00 2.041738e-01
1.4726966034e+00 2.089296e-01
1.4729887663e+00 2.137962e-01
1.4732873158e+00 2.187762e-01
1.4735924703e+00 2.238721e-01
1.4739044370e+00 2.290868e-01
1.4742234126e+00 2.344229e-01
1.4745495841e+00 2.398833e-01
1.4748831293e+00 2.454709e-01
1.4752242176e+00 2.511886e-01
1.4755730106e+00 2.570396e-01
1.4759296625e+00 2.630268e-01
1.4762943204e+00 2.691535e-01
1.4766671252e+00 2.754229e-01
1.4770482115e+00 2.818383e-01
1.4774377083e+00 2.884032e-01
1.4778363273e+00 2.951209e-01
1.4782442326e+00 3.019952e-01
1.4786610169e+00 3.090295e-01
1.4790867850e+00 3.162278e-01
1.4795218898e+00 3.235937e-01
1.4799676728e+00 3.311311e-01
1.4804228243e+00 3.388442e-01
1.4808877064e+00 3.467369e-01
1.4813639583e+00 3.548134e-01
1.4818499107e+00 3.630781e-01
1.4823473123e+00 3.715352e-01
1.4828553072e+00 3.801894e-01
1.4833749392e+00 3.890451e-01
1.4839056067e+00 3.981072e-01
1.4844487006e+00 4.073803e-01
1.4850030805e+00 4.168694e-01
1.4855702908e+00 4.265795e-01
1.4861499555e+00 4.365158e-01
1.4867420463e+00 4.466836e-01
1.4873471749e+00 4.570882e-01
1.4879661269e+00 4.677351e-01
1.4885984957e+00 4.786301e-01
1.4892446447e+00 4.897788e-01
1.4899049188e+00 5.011872e-01
1.4905796458e+00 5.128614e-01
1.4912691377e+00 5.248075e-01
1.4919736916e+00 5.370318e-01
1.4926935904e+00 5.495409e-01
1.4934291044e+00 5.623413e-01
1.4941804911e+00 5.754399e-01
1.4949482946e+00 5.888437e-01
1.4957330421e+00 6.025596e-01
1.4965344845e+00 6.165950e-01
1.4973530518e+00 6.309573e-01
1.4981897823e+00 6.456542e-01
1.4990439145e+00 6.606934e-01
1.4999170723e+00 6.760830e-01
1.5008083883e+00 6.918310e-01
1.5017192333e+00 7.079458e-01
1.5026494252e+00 7.244360e-01
1.5035992738e+00 7.413102e-01
1.5045694149e+00 7.585776e-01
1.5055604368e+00 7.762471e-01
1.5065724125e+00 7.943282e-01
1.5076057872e+00 8.128305e-01
1.5086609842e+00 8.317638e-01
1.5097384062e+00 8.511380e-01
1.5108384592e+00 8.709636e-01
1.5119619689e+00 8.912509e-01
1.5131089229e+00 9.120108e-01
1.5142796484e+00 9.332543e-01
1.5154751185e+00 9.549926e-01
1.5166953104e+00 9.772372e-01
1.5179410267e+00 1.000000e+00
1.5192122872e+00 1.023293e+00
1.5205102655e+00 1.047129e+00
1.5218349089e+00 1.071519e+00
1.5231867762e+00 1.096478e+00
1.5245664238e+00 1.122018e+00
1.5259743807e+00 1.148154e+00
1.5274111492e+00 1.174898e+00
1.5288772075e+00 1.202264e+00
1.5303730106e+00 1.230269e+00
1.5318992042e+00 1.258925e+00
1.5334564264e+00 1.288250e+00
1.5350448024e+00 1.318257e+00
1.5366654645e+00 1.348963e+00
1.5383184756e+00 1.380384e+00
1.5400044731e+00 1.412538e+00
1.5417242683e+00 1.445440e+00
1.5434782784e+00 1.479108e+00
1.5452670356e+00 1.513561e+00
1.5470911138e+00 1.548817e+00
1.5489513318e+00 1.584893e+00
1.5508480644e+00 1.621810e+00
1.5527817855e+00 1.659587e+00
1.5547535137e+00 1.698244e+00
1.5567633909e+00 1.737801e+00
1.5588124673e+00 1.778279e+00
1.5609011337e+00 1.819701e+00
1.5630300244e+00 1.862087e+00
1.5651998062e+00 1.905461e+00
1.5674111123e+00 1.949845e+00
1.5696645447e+00 1.995262e+00
1.5719609377e+00 2.041738e+00
1.5743007864e+00 2.089296e+00
1.5766847790e+00 2.137962e+00
1.5791135194e+00 2.187762e+00
1.5815879162e+00 2.238721e+00
1.5841084371e+00 2.290868e+00
1.5866757960e+00 2.344229e+00
1.5892906714e+00 2.398833e+00
1.5919538301e+00 2.454709e+00
1.5946659901e+00 2.511886e+00
1.5974276402e+00 2.570396e+00
1.6002398094e+00 2.630268e+00
1.6031029722e+00 2.691535e+00
1.6060178864e+00 2.754229e+00
1.6089853061e+00 2.818383e+00
1.6120059482e+00 2.884032e+00
1.6150804945e+00 2.951209e+00
1.6182097310e+00 3.019952e+00
1.6213944079e+00 3.090295e+00
1.6246352195e+00 3.162278e+00
1.6279328737e+00 3.235937e+00
1.6312881735e+00 3.311311e+00
1.6347018826e+00 3.388442e+00
1.6381747276e+00 3.467369e+00
1.6417074003e+00 3.548134e+00
1.6453007497e+00 3.630781e+00
1.6489554424e+00 3.715352e+00
1.6526723817e+00 3.801894e+00
1.6564522082e+00 3.890451e+00
1.6602957121e+00 3.981072e+00
1.6642036461e+00 4.073803e+00
1.6681768799e+00 4.168694e+00
1.6722160922e+00 4.265795e+00
1.6763221055e+00 4.365158e+00
1.6804956426e+00 4.466836e+00
1.6847375371e+00 4.570882e+00
1.6890485838e+00 4.677351e+00
1.6934295416e+00 4.786301e+00
1.6978811351e+00 4.897788e+00
1.7024043009e+00 5.011872e+00
1.7069996689e+00 5.128614e+00
1.7116681035e+00 5.248075e+00
1.7164104305e+00 5.370318e+00
1.7212274393e+00 5.495409e+00
1.7261198851e+00 5.623413e+00
1.7310885019e+00 5.754399e+00
1.7361342691e+00 5.888437e+00
1.7412578388e+00 6.025596e+00
1.7464600487e+00 6.165950e+00
1.7517417117e+00 6.309573e+00
1.7571036071e+00 6.456542e+00
1.7625465885e+00 6.606934e+00
1.7680714236e+00 6.760830e+00
1.7736789642e+00 6.918310e+00
1.7793699684e+00 7.079458e+00
1.7851452657e+00 7.244360e+00
1.7910056534e+00 7.413102e+00
1.7969519793e+00 7.585776e+00
1.8029850481e+00 7.762471e+00
1.8091056750e+00 7.943282e+00
1.8153146545e+00 8.128305e+00
1.8216128293e+00 8.317638e+00
1.8280010119e+00 8.511380e+00
1.8344799866e+00 8.709636e+00
1.8410506961e+00 8.912509e+00
1.8477138262e+00 9.120108e+00
1.8544702623e+00 9.332543e+00
1.8613208598e+00 9.549926e+00
1.8682664463e+00 9.772372e+00
1.8753078231e+00 1.000000e+01
1.8824457866e+00 1.023293e+01
1.8896812838e+00 1.047129e+01
1.8970150729e+00 1.071519e+01
1.9044480064e+00 1.096478e+01
1.9119809309e+00 1.122018e+01
1.9196146691e+00 1.148154e+01
1.9273501666e+00 1.174898e+01
1.9351881379e+00 1.202264e+01
1.9431295475e+00 1.230269e+01
1.9511752029e+00 1.258925e+01
1.9593259527e+00 1.288250e+01
1.9675826949e+00 1.318257e+01
1.9759462879e+00 1.348963e+01
1.9844175560e+00 1.380384e+01
1.9929974167e+00 1.412538e+01
2.0016867532e+00 1.445440e+01
2.0104864116e+00 1.479108e+01
2.0193972830e+00 1.513561e+01
2.0284203062e+00 1.548817e+01
2.0375562745e+00 1.584893e+01
2.0468061903e+00 1.621810e+01
2.0561708772e+00 1.659587e+01
2.0656512637e+00 1.698244e+01
2.0752482617e+00 1.737801e+01
2.0849627679e+00 1.778279e+01
2.0947957348e+00 1.819701e+01
2.1047480560e+00 1.862087e+01
2.1148206925e+00 1.905461e+01
2.1250145426e+00 1.949845e+01
2.1353305603e+00 1.995262e+01
2.1457696867e+00 2.041738e+01
2.1563328507e+00 2.089296e+01
2.1670210953e+00 2.137962e+01
2.1778352661e+00 2.187762e+01
2.1887764189e+00 2.238721e+01
2.1998454965e+00 2.290868e+01
2.2110434696e+00 2.344229e+01
2.2223713204e+00 2.398833e+01
2.2338301092e+00 2.454709e+01
2.2454207510e+00 2.511886e+01
2.2571443115e+00 2.570396e+01
2.2690017619e+00 2.630268e+01
2.2809941516e+00 2.691535e+01
2.2931225220e+00 2.754229e+01
2.3053879074e+00 2.818383e+01
2.3177913358e+00 2.884032e+01
2.3303338322e+00 2.951209e+01
2.3430165528e+00 3.019952e+01
2.3558404737e+00 3.090295e+01
2.3688067000e+00 3.162278e+01
2.3819163338e+00 3.235937e+01
2.3951704729e+00 3.311311e+01
2.4085702111e+00 3.388442e+01
2.4221166388e+00 3.467369e+01
2.4358109092e+00 3.548134e+01
2.4496541273e+00 3.630781e+01
2.4636474732e+00 3.715352e+01
2.4777920552e+00 3.801894e+01
2.4920890447e+00 3.890451e+01
2.5065396114e+00 3.981072e+01
2.5211449239e+00 4.073803e+01
2.5359061893e+00 4.168694e+01
2.5508246116e+00 4.265795e+01
2.5659013670e+00 4.365158e+01
2.5814942092e+00 4.466836e+01
2.5965550062e+00 4.570882e+01
2.6116157271e+00 4.677351e+01
2.6266765889e+00 4.786301e+01
2.6417373461e+00 4.897788e+01
2.6567981217e+00 5.011872e+01
2.6718589796e+00 5.128614e+01
2.6869198023e+00 5.248075e+01
2.7019805507e+00 5.370318e+01
2.7170413710e+00 5.495409e+01
2.7321021041e+00 5.623413e+01
2.7473884278e+00 5.754399e+01
2.7629673599e+00 5.888437e+01
2.7785461611e+00 6.025596e+01
2.7941249803e+00 6.165950e+01
2.8097037715e+00 6.309573e+01
2.8252826257e+00 6.456542e+01
2.8408614438e+00 6.606934e+01
2.8564403545e+00 6.760830e+01
2.8720191952e+00 6.918310e+01
2.8875980186e+00 7.079458e+01
2.9031768778e+00 7.244360e+01
2.9187556397e+00 7.413102e+01
2.9372516733e+00 7.585776e+01
2.9558482924e+00 7.762471e+01
2.9744449375e+00 7.943282e+01
2.9930416198e+00 8.128305e+01
3.0116383269e+00 8.317638e+01
3.0302349257e+00 8.511380e+01
3.0488316343e+00 8.709636e+01
3.0674282535e+00 8.912509e+01
3.0860249162e+00 9.120108e+01
3.1046216134e+00 9.332543e+01
3.1221995830e+00 9.549926e+01
3.1387589748e+00 9.772372e+01
3.1553184080e+00 1.000000e+02
3.1718778312e+00 1.023293e+02
3.1884375540e+00 1.047129e+02
3.2049964565e+00 1.071519e+02
3.2215559505e+00 1.096478e+02
3.2381152058e+00 1.122018e+02
3.2546751518e+00 1.148154e+02
3.2712346049e+00 1.174898e+02
3.2877934903e+00 1.202264e+02
3.3043533021e+00 1.230269e+02
3.3209123506e+00 1.258925e+02
3.3382640080e+00 1.288250e+02
3.3559826212e+00 1.318257e+02
3.3737012639e+00 1.348963e+02
3.3914197778e+00 1.380384e+02
3.4091389017e+00 1.412538e+02
3.4268575041e+00 1.445440e+02
3.4445759085e+00 1.479108e+02
3.4622947125e+00 1.513561e+02
3.4800137565e+00 1.548817e+02
3.4995272444e+00 1.584893e+02
3.5197789004e+00 1.621810e+02
3.5400306041e+00 1.659587e+02
3.5602823370e+00 1.698244e+02
3.5805338456e+00 1.737801e+02
3.6007851580e+00 1.778279e+02
3.6210370311e+00 1.819701e+02
3.6412885001e+00 1.862087e+02
3.6615402968e+00 1.905461e+02
3.6817919491e+00 1.949845e+02
3.7020432316e+00 1.995262e+02
3.7222949962e+00 2.041738e+02
3.7425465192e+00 2.089296e+02
3.7627981394e+00 2.137962e+02
3.7830499293e+00 2.187762e+02
3.8033013256e+00 2.238721e+02
3.8235531153e+00 2.290868e+02
3.8438046532e+00 2.344229e+02
3.8640562155e+00 2.398833e+02
3.8890699189e+00 2.454709e+02
3.9149033101e+00 2.511886e+02
3.9407372201e+00 2.570396e+02
3.9665707511e+00 2.630268e+02
3.9924044519e+00 2.691535e+02
4.0182381134e+00 2.754229e+02
4.0440716424e+00 2.818383e+02
4.0699054308e+00 2.884032e+02
4.0957387738e+00 2.951209e+02
4.1215725863e+00 3.019952e+02
4.1474059478e+00 3.090295e+02
4.1732398479e+00 3.162278e+02
4.1990734991e+00 3.235937e+02
4.2249068994e+00 3.311311e+02
4.2507407399e+00 3.388442e+02
4.2765743774e+00 3.467369e+02
4.3046991700e+00 3.548134e+02
4.3355666699e+00 3.630781e+02
4.3664337715e+00 3.715352e+02
4.3973012630e+00 3.801894e+02
4.4281684686e+00 3.890451e+02
4.4590360964e+00 3.981072e+02
4.4899034438e+00 4.073803e+02
4.5207707975e+00 4.168694e+02
4.5516380588e+00 4.265795e+02
4.5825053925e+00 4.365158e+02
4.6133728886e+00 4.466836e+02
4.6442402691e+00 4.570882e+02
4.6751074939e+00 4.677351e+02
4.7059750073e+00 4.786301e+02
4.7368423064e+00 4.897788e+02
4.7689837482e+00 5.011872e+02
4.8056546995e+00 5.128614e+02
4.8423255651e+00 5.248075e+02
4.8789962499e+00 5.370318e+02
4.9156671095e+00 5.495409e+02
4.9523377571e+00 5.623413e+02
4.9890085198e+00 5.754399e+02
5.0256795385e+00 5.888437e+02
5.0623502493e+00 6.025596e+02
5.0990210023e+00 6.165950e+02
5.1356916895e+00 6.309573e+02
5.1723625249e+00 6.456542e+02
5.2090332754e+00 6.606934e+02
5.2457042438e+00 6.760830e+02
5.2823750474e+00 6.918310e+02
5.3261961086e+00 7.079458e+02
5.3700656196e+00 7.244360e+02
5.4139348564e+00 7.413102e+02
5.4578044733e+00 7.585776e+02
5.5016738178e+00 7.762471e+02
5.5455432233e+00 7.943282e+02
5.5894127167e+00 8.128305e+02
5.6332822688e+00 8.317638e+02
5.6771515651e+00 8.511380e+02
5.7210211206e+00 8.709636e+02
5.7648904651e+00 8.912509e+02
5.8087599124e+00 9.120108e+02
5.8526294410e+00 9.332543e+02
5.9014211258e+00 9.549926e+02
5.9514514518e+00 9.772372e+02
6.0014819029e+00 1.000000e+03
6.0515123238e+00 1.023293e+03
6.1015436496e+00 1.047129e+03
6.1515724974e+00 1.071519e+03
6.2016031321e+00 1.096478e+03
6.2516330455e+00 1.122018e+03
6.3016650460e+00 1.148154e+03
6.3516955573e+00 1.174898e+03
6.4017243532e+00 1.202264e+03
6.4517559479e+00 1.230269e+03
6.5017852369e+00 1.258925e+03
6.5593391347e+00 1.288250e+03
6.6172317337e+00 1.318257e+03
6.6751244292e+00 1.348963e+03
6.7330167037e+00 1.380384e+03
6.7909109716e+00 1.412538e+03
6.8488035351e+00 1.445440e+03
6.9066954518e+00 1.479108e+03
6.9645886743e+00 1.513561e+03
7.0224826809e+00 1.548817e+03
7.0803747323e+00 1.584893e+03
7.1382678620e+00 1.621810e+03
7.1961611285e+00 1.659587e+03
7.2604640717e+00 1.698244e+03
7.3282306691e+00 1.737801e+03
7.3959966101e+00 1.778279e+03
7.4637644270e+00 1.819701e+03
7.5315308920e+00 1.862087e+03
7.5992984532e+00 1.905461e+03
7.6670655314e+00 1.949845e+03
7.7348313723e+00 1.995262e+03
7.8025988263e+00 2.041738e+03
7.8703654719e+00 2.089296e+03
7.9381324426e+00 2.137962e+03
8.0058999814e+00 2.187762e+03
8.0819189935e+00 2.238721e+03
8.1580287314e+00 2.290868e+03
8.2341375232e+00 2.344229e+03
8.3102464068e+00 2.398833e+03
8.3863554411e+00 2.454709e+03
8.4624637921e+00 2.511886e+03
8.5385736716e+00 2.570396e+03
8.6146824348e+00 2.630268e+03
8.6907916978e+00 2.691535e+03
8.7669008454e+00 2.754229e+03
8.8430096023e+00 2.818383e+03
8.9241931796e+00 2.884032e+03
9.0113560179e+00 2.951209e+03
9.0985204404e+00 3.019952e+03
9.1856833414e+00 3.090295e+03
9.2728480592e+00 3.162278e+03
9.3600119375e+00 3.235937e+03
9.4471749693e+00 3.311311e+03
9.5343394861e+00 3.388442e+03
9.6215033183e+00 3.467369e+03
9.7086666735e+00 3.548134e+03
9.7958308115e+00 3.630781e+03
9.8865176045e+00 3.715352e+03
9.9862201791e+00 3.801894e+03
1.0085921830e+01 3.890451e+03
1.0185624845e+01 3.981072e+03
1.0285326954e+01 4.073803e+03
1.0385029083e+01 4.168694e+03
1.0484730914e+01 4.265795e+03
1.0584432979e+01 4.365158e+03
1.0684135569e+01 4.466836e+03
1.0783837785e+01 4.570882e+03
1.0883539498e+01 4.677351e+03
1.0989343231e+01 4.786301e+03
1.1102671931e+01 4.897788e+03
1.1216000768e+01 5.011872e+03
1.1329330226e+01 5.128614e+03
1.1442659418e+01 5.248075e+03
1.1555988052e+01 5.370318e+03
1.1669317226e+01 5.495409e+03
1.1782645745e+01 5.623413e+03
1.1895974620e+01 5.754399e+03
1.2009304285e+01 5.888437e+03
1.2122632999e+01 6.025596e+03
1.2248492950e+01 6.165950e+03
1.2375871246e+01 6.309573e+03
1.2503250057e+01 6.456542e+03
1.2630628574e+01 6.606934e+03
1.2758007846e+01 6.760830e+03
1.2885386547e+01 6.918310e+03
1.3012765106e+01 7.079458e+03
1.3140143959e+01 7.244360e+03
1.3267522015e+01 7.413102e+03
1.3394901175e+01 7.585776e+03
1.3467438602e+01 7.762471e+03
1.3614125251e+01 7.943282e+03
1.3762536917e+01 8.128305e+03
1.3912696077e+01 8.317638e+03
1.4064625531e+01 8.511380e+03
1.4218348410e+01 8.709636e+03
1.4373888176e+01 8.912509e+03
1.4531268628e+01 9.120108e+03
1.4690513906e+01 9.332543e+03
1.4851648492e+01 9.549926e+03
1.5014697220e+01 9.772372e+03
1.5179685271e+01 1.000000e+04
1.5346638185e+01 1.023293e+04
1.5515581862e+01 1.047129e+04
1.5686542562e+01 1.071519e+04
1.5859546916e+01 1.096478e+04
1.6034621923e+01 1.122018e+04
1.6211794957e+01 1.148154e+04
1.6391093772e+01 1.174898e+04
1.6572546502e+01 1.202264e+04
1.6756181668e+01 1.230269e+04
1.6942028181e+01 1.258925e+04
1.7130115344e+01 1.288250e+04
1.7320472856e+01 1.318257e+04
1.7513130819e+01 1.348963e+04
1.7708119736e+01 1.380384e+04
1.7905470521e+01 1.412538e+04
1.8105214495e+01 1.445440e+04
1.8307383396e+01 1.479108e+04
1.8512009381e+01 1.513561e+04
1.8719125027e+01 1.548817e+04
1.8928763336e+01 1.584893e+04
1.9140957740e+01 1.621810e+04
1.9355742102e+01 1.659587e+04
1.9573150719e+01 1.698244e+04
1.9793218330e+01 1.737801e+04
2.0015980112e+01 1.778279e+04
2.0241471690e+01 1.819701e+04
2.0469729137e+01 1.862087e+04
2.0700788978e+01 1.905461e+04
2.0934688193e+01 1.949845e+04
2.1171464219e+01 1.995262e+04
2.1411154957e+01 2.041738e+04
2.1653798771e+01 2.089296e+04
2.1899434494e+01 2.137962e+04
2.2148101429e+01 2.187762e+04
2.2399839354e+01 2.238721e+04
2.2654688523e+01 2.290868e+04
2.2912689673e+01 2.344229e+04
2.3173884023e+01 2.398833e+04
2.3438313278e+01 2.454709e+04
2.3706019634e+01 2.511886e+04
2.3977045780e+01 2.570396e+04
2.4251434899e+01 2.630268e+04
2.4529230677e+01 2.691535e+04
2.4810477298e+01 2.754229e+04
2.5095219453e+01 2.818383e+04
2.5383502344e+01 2.884032e+04
2.5675371681e+01 2.951209e+04
2.5970873691e+01 3.019952e+04
2.6270055117e+01 3.090295e+04
2.6572963227e+01 3.162278e+04
2.6879645811e+01 3.235937e+04
2.7190151186e+01 3.311311e+04
2.7504528204e+01 3.388442e+04
2.7822826249e+01 3.467369e+04
2.8145095243e+01 3.548134e+04
2.8471385651e+01 3.630781e+04
2.8801748484e+01 3.715352e+04
2.9136235302e+01 3.801894e+04
2.9474898215e+01 3.890451e+04
2.9817789894e+01 3.981072e+04
3.0164963568e+01 4.073803e+04
3.0516473033e+01 4.168694e+04
3.0872372650e+01 4.265795e+04
3.1232717358e+01 4.365158e+04
3.1597562671e+01 4.466836e+04
3.1966964686e+01 4.570882e+04
3.2340980087e+01 4.677351e+04
3.2719666148e+01 4.786301e+04
3.3103080742e+01 4.897788e+04
3.3491282344e+01 5.011872e+04
3.3884330035e+01 5.128614e+04
3.4282283509e+01 5.248075e+04
3.4685203078e+01 5.370318e+04
3.5093149681e+01 5.495409e+04
3.5506184883e+01 5.623413e+04
3.5924370891e+01 5.754399e+04
3.6347770552e+01 5.888437e+04
3.6776447364e+01 6.025596e+04
3.7210465484e+01 6.165950e+04
3.7649889731e+01 6.309573e+04
3.8094785599e+01 6.456542e+04
3.8545219261e+01 6.606934e+04
3.9001257578e+01 6.760830e+04
3.9462968110e+01 6.918310e+04
3.9930419120e+01 7.079458e+04
4.0403679588e+01 7.244360e+04
4.0882819218e+01 7.413102e+04
4.1367908447e+01 7.585776e+04
4.1859018458e+01 7.762471e+04
4.2356221189e+01 7.943282e+04
4.2859589343e+01 8.128305e+04
4.3369196401e+01 8.317638e+04
4.3885116631e+01 8.511380e+04
4.4407425105e+01 8.709636e+04
4.4936197708e+01 8.912509e+04
4.5471511149e+01 9.120108e+04
4.6013442980e+01 9.332543e+04
4.6562071606e+01 9.549926e+04
4.7117476301e+01 9.772372e+04
4.7679737219e+01 1.000000e+05
4.8248935417e+01 1.023293e+05
4.8825152863e+01 1.047129e+05
4.9408472456e+01 1.071519e+05
4.9998978043e+01 1.096478e+05
5.0596754434e+01 1.122018e+05
5.1201887423e+01 1.148154e+05
5.1814463802e+01 1.174898e+05
5.2434571387e+01 1.202264e+05
5.3062299028e+01 1.230269e+05
5.3697736636e+01 1.258925e+05
5.4340975202e+01 1.288250e+05
5.4992106817e+01 1.318257e+05
5.5651224692e+01 1.348963e+05
5.6318423186e+01 1.380384e+05
5.6993797823e+01 1.412538e+05
5.7677445316e+01 1.445440e+05
5.8369463595e+01 1.479108e+05
5.9069951828e+01 1.513561e+05
5.9779010446e+01 1.548817e+05
6.0496741170e+01 1.584893e+05
6.1223247040e+01 1.621810e+05
6.1958632433e+01 1.659587e+05
6.2703003102e+01 1.698244e+05
6.3456466196e+01 1.737801e+05
6.4219130290e+01 1.778279e+05
6.4991105418e+01 1.819701e+05
6.5772503098e+01 1.862087e+05
6.6563436365e+01 1.905461e+05
6.7364019802e+01 1.949845e+05
6.8174369571e+01 1.995262e+05
6.8994603446e+01 2.041738e+05
6.9824840843e+01 2.089296e+05
7.0665202859e+01 2.137962e+05
7.1515812299e+01 2.187762e+05
7.2376793714e+01 2.238721e+05
7.3248273438e+01 2.290868e+05
7.4130379617e+01 2.344229e+05
7.5023242254e+01 2.398833e+05
7.5926993237e+01 2.454709e+05
7.6841766382e+01 2.511886e+05
7.7767697468e+01 2.570396e+05
7.8704924274e+01 2.630268e+05
7.9653586621e+01 2.691535e+05
8.0613826409e+01 2.754229e+05
8.1585787656e+01 2.818383e+05
8.2569616541e+01 2.884032e+05
8.3565461439e+01 2.951209e+05
8.4573472968e+01 3.019952e+05
8.5593804026e+01 3.090295e+05
8.6626609837e+01 3.162278e+05
8.7672047987e+01 3.235937e+05
8.8730278473e+01 3.311311e+05
8.9801463743e+01 3.388442e+05
9.0885768738e+01 3.467369e+05
9.1983360940e+01 3.548134e+05
9.3094410409e+01 3.630781e+05
9.4219089837e+01 3.715352e+05
9.5357574585e+01 3.801894e+05
9.6510042730e+01 3.890451e+05
9.7676675113e+01 3.981072e+05
9.8857655381e+01 4.073803e+05
1.0005317004e+02 4.168694e+05
1.0126340848e+02 4.265795e+05
1.0248856306e+02 4.365158e+05
1.0372882911e+02 4.466836e+05
1.0498440503e+02 4.570882e+05
1.0625549227e+02 4.677351e+05
1.0754229544e+02 4.786301e+05
1.0884502234e+02 4.897788e+05
1.1016388396e+02 5.011872e+05
1.1149909461e+02 5.128614e+05
1.1285087191e+02 5.248075e+05
1.1421943687e+02 5.370318e+05
1.1560501389e+02 5.495409e+05
1.1700783087e+02 5.623413e+05
1.1842811923e+02 5.754399e+05
1.1986611395e+02 5.888437e+05
1.2132205364e+02 6.025596e+05
1.2279618057e+02 6.165950e+05
1.2428874074e+02 6.309573e+05
1.2579998391e+02 6.456542e+05
1.2733016367e+02 6.606934e+05
1.2887953745e+02 6.760830e+05
1.3044836664e+02 6.918310e+05
1.3203691656e+02 7.079458e+05
1.3364545657e+02 7.244360e+05
1.3527426010e+02 7.413102e+05
1.3692360470e+02 7.585776e+05
1.3859377209e+02 7.762471e+05
1.4028504820e+02 7.943282e+05
1.4199772326e+02 8.128305e+05
1.4373209180e+02 8.317638e+05
1.4548845274e+02 8.511380e+05
1.4726710943e+02 8.709636e+05
1.4906836970e+02 8.912509e+05
1.5089254590e+02 9.120108e+05
1.5273995498e+02 9.332543e+05
1.5461091853e+02 9.549926e+05
1.5650576283e+02 9.772372e+05
1.5842481887e+02 1.000000e+06
1.6036842250e+02 1.023293e+06
1.6233691437e+02 1.047129e+06
1.6433064005e+02 1.071519e+06
1.6634995008e+02 1.096478e+06
1.6839520001e+02 1.122018e+06
1.7046675046e+02 1.148154e+06
1.7256496717e+02 1.174898e+06
1.7469022106e+02 1.202264e+06
1.7684288830e+02 1.230269e+06
1.7902335034e+02 1.258925e+06
1.8123199399e+02 1.288250e+06
1.8346921148e+02 1.318257e+06
1.8573540049e+02 1.348963e+06
1.8803096424e+02 1.380384e+06
1.9035631153e+02 1.412538e+06
1.9271185680e+02 1.445440e+06
1.9509802022e+02 1.479108e+06
1.9751522772e+02 1.513561e+06
1.9996391106e+02 1.548817e+06
2.0244450788e+02 1.584893e+06
2.0495746181e+02 1.621810e+06
2.0750322248e+02 1.659587e+06
2.1008224562e+02 1.698244e+06
2.1269499312e+02 1.737801e+06
2.1534193307e+02 1.778279e+06
2.1802353988e+02 1.819701e+06
2.2074029430e+02 1.862087e+06
2.2349268352e+02 1.905461e+06
2.2628120123e+02 1.949845e+06
2.2910634770e+02 1.995262e+06
2.3196862983e+02 2.041738e+06
2.3486856127e+02 2.089296e+06
2.3780666245e+02 2.137962e+06
2.4078346068e+02 2.187762e+06
2.4379949024e+02 2.238721e+06
2.4685529241e+02 2.290868e+06
2.4995141561e+02 2.344229e+06
2.5308841548e+02 2.398833e+06
2.5626685489e+02 2.454709e+06
2.5948730413e+02 2.511886e+06
2.6275034091e+02 2.570396e+06
2.6605655050e+02 2.630268e+06
2.6940652581e+02 2.691535e+06
2.7280086746e+02 2.754229e+06
2.7624018391e+02 2.818383e+06
2.7972509153e+02 2.884032e+06
2.8325621468e+02 2.951209e+06
2.8683418587e+02 3.019952e+06
2.9045964580e+02 3.090295e+06
2.9413324349e+02 3.162278e+06
2.9785563638e+02 3.235937e+06
3.0162749043e+02 3.311311e+06
3.0544948026e+02 3.388442e+06
3.0932228920e+02 3.467369e+06
3.1324660948e+02 3.548134e+06
3.1722314226e+02 3.630781e+06
3.2125259783e+02 3.715352e+06
3.2533569566e+02 3.801894e+06
3.2947316457e+02 3.890451e+06
3.3366574282e+02 3.981072e+06
3.3791417827e+02 4.073803e+06
3.4221922846e+02 4.168694e+06
3.4658166079e+02 4.265795e+06
3.5100225262e+02 4.365158e+06
3.5548179144e+02 4.466836e+06
3.6002107496e+02 4.570882e+06
3.6462091127e+02 4.677351e+06
3.6928211901e+02 4.786301e+06
3.7400552748e+02 4.897788e+06
3.7879197680e+02 5.011872e+06
3.8364231805e+02 5.128614e+06
3.8855741347e+02 5.248075e+06
3.9353813653e+02 5.370318e+06
3.9858537217e+02 5.495409e+06
4.0370001691e+02 5.623413e+06
4.0888297904e+02 5.754399e+06
4.1413517878e+02 5.888437e+06
4.1945754843e+02 6.025596e+06
4.2485103258e+02 6.165950e+06
4.3031658825e+02 6.309573e+06
4.3585518507e+02 6.456542e+06
4.4146780550e+02 6.606934e+06
4.4715544494e+02 6.760830e+06
4.5291911201e+02 6.918310e+06
4.5875982865e+02 7.079458e+06
4.6467863036e+02 7.244360e+06
4.7067656639e+02 7.413102e+06
4.7675469993e+02 7.585776e+06
4.8291410832e+02 7.762471e+06
4.8915588324e+02 7.943282e+06
4.9548113092e+02 8.128305e+06
5.0189097237e+02 8.317638e+06
5.0838654357e+02 8.511380e+06
5.1496899568e+02 8.709636e+06
5.2163949530e+02 8.912509e+06
5.2839922465e+02 9.120108e+06
5.3524938180e+02 9.332543e+06
5.4219118094e+02 9.549926e+06
5.4922585257e+02 9.772372e+06
5.5635464373e+02 1.000000e+07
5.6357881828e+02 1.023293e+07
5.7089965711e+02 1.047129e+07
5.7831845839e+02 1.071519e+07
5.8583653784e+02 1.096478e+07
5.9345522895e+02 1.122018e+07
6.0117588324e+02 1.148154e+07
6.0899987057e+02 1.174898e+07
6.1692857931e+02 1.202264e+07
6.2496341670e+02 1.230269e+07
6.3310580907e+02 1.258925e+07
6.4135720210e+02 1.288250e+07
6.4971906113e+02 1.318257e+07
6.5819287145e+02 1.348963e+07
6.6678013853e+02 1.380384e+07
6.7548238836e+02 1.412538e+07
6.8430116771e+02 1.445440e+07
6.9323804445e+02 1.479108e+07
7.0229460783e+02 1.513561e+07
7.1147246879e+02 1.548817e+07
7.2077326027e+02 1.584893e+07
7.3019863752e+02 1.621810e+07
7.3975027840e+02 1.659587e+07
7.4942988373e+02 1.698244e+07
7.5923917760e+02 1.737801e+07
7.6917990767e+02 1.778279e+07
7.7925384554e+02 1.819701e+07
7.8946278708e+02 1.862087e+07
7.9980855274e+02 1.905461e+07
8.1029298794e+02 1.949845e+07
8.2091796338e+02 1.995262e+07
8.3168537541e+02 2.041738e+07
8.4259714641e+02 2.089296e+07
8.5365522509e+02 2.137962e+07
8.6486158693e+02 2.187762e+07
8.7621823452e+02 2.238721e+07
8.8772719793e+02 2.290868e+07
8.9939053510e+02 2.344229e+07
9.1121033224e+02 2.398833e+07
9.2318870418e+02 2.454709e+07
9.3532779482e+02 2.511886e+07
9.4762977752e+02 2.570396e+07
9.6009685548e+02 2.630268e+07
9.7273126216e+02 2.691535e+07
9.8553526175e+02 2.754229e+07
9.9851114950e+02 2.818383e+07
1.0116612522e+03 2.884032e+07
1.0249879288e+03 2.951209e+07
1.0384935703e+03 3.019952e+07
1.0521806009e+03 3.090295e+07
1.0660514780e+03 3.162278e+07
1.0801086928e+03 3.235937e+07
1.0943547707e+03 3.311311e+07
1.1087922718e+03 3.388442e+07
1.1234237914e+03 3.467369e+07
1.1382519606e+03 3.548134e+07
1.1532794466e+03 3.630781e+07
1.1685089531e+03 3.715352e+07
1.1839432212e+03 3.801894e+07
1.1995850295e+03 3.890451e+07
1.2154371949e+03 3.981072e+07
1.2315025730e+03 4.073803e+07
1.2477840587e+03 4.168694e+07
1.2642845865e+03 4.265795e+07
1.2810071315e+03 4.365158e+07
1.2979547095e+03 4.466836e+07
1.3151303778e+03 4.570882e+07
1.3325372357e+03 4.677351e+07
1.3501784251e+03 4.786301e+07
1.3680571312e+03 4.897788e+07
1.3861765828e+03 5.011872e+07
1.4045400531e+03 5.128614e+07
1.4231508605e+03 5.248075e+07
1.4420123686e+03 5.370318e+07
1.4611279875e+03 5.495409e+07
1.4805011742e+03 5.623413e+07
1.5001354330e+03 5.754399e+07
1.5200343166e+03 5.888437e+07
1.5402014262e+03 6.025596e+07
1.5606404127e+03 6.165950e+07
1.5813549771e+03 6.309573e+07
1.6023488714e+03 6.456542e+07
1.6236258989e+03 6.606934e+07
1.6451899152e+03 6.760830e+07
1.6670448291e+03 6.918310e+07
1.6891946029e+03 7.079458e+07
1.7116432533e+03 7.244360e+07
1.7343948523e+03 7.413102e+07
1.7574535280e+03 7.585776e+07
1.7808234648e+03 7.762471e+07
1.8045089049e+03 7.943282e+07
1.8285141487e+03 8.128305e+07
1.8528435558e+03 8.317638e+07
1.8775015455e+03 8.511380e+07
1.9024925978e+03 8.709636e+07
1.9278212546e+03 8.912509e+07
1.9534921198e+03 9.120108e+07
1.9795098608e+03 9.332543e+07
2.0058792090e+03 9.549926e+07
2.0326049609e+03 9.772372e+07
2.0596919789e+03 1.000000e+08
2.0871451921e+03 1.023293e+08
2.1149695975e+03 1.047129e+08
2.1431702607e+03 1.071519e+08
2.1717523169e+03 1.096478e+08
2.2007209718e+03 1.122018e+08
2.2300815027e+03 1.148154e+08
2.2598392596e+03 1.174898e+08
2.2899996657e+03 1.202264e+08
2.3205682190e+03 1.230269e+08
2.3515504928e+03 1.258925e+08
2.3829521374e+03 1.288250e+08
2.4147788804e+03 1.318257e+08
2.4470365283e+03 1.348963e+08
2.4797309673e+03 1.380384e+08
2.5128681648e+03 1.412538e+08
2.5464541698e+03 1.445440e+08
2.5804951148e+03 1.479108e+08
2.6149972166e+03 1.513561e+08
2.6499667772e+03 1.548817e+08
2.6854101856e+03 1.584893e+08
2.7213339183e+03 1.621810e+08
2.7577445412e+03 1.659587e+08
2.7946487102e+03 1.698244e+08
2.8320531729e+03 1.737801e+08
2.8699647697e+03 1.778279e+08
2.9083904350e+03 1.819701e+08
2.9473371985e+03 1.862087e+08
2.9868121868e+03 1.905461e+08
3.0268226243e+03 1.949845e+08
3.0673758350e+03 1.995262e+08
3.1084792434e+03 2.041738e+08
3.1501403764e+03 2.089296e+08
3.1923668641e+03 2.137962e+08
3.2351664421e+03 2.187762e+08
3.2785469518e+03 2.238721e+08
3.3225163430e+03 2.290868e+08
3.3670826747e+03 2.344229e+08
3.4122541166e+03 2.398833e+08
3.4580389512e+03 2.454709e+08
3.5044455748e+03 2.511886e+08
3.5514824990e+03 2.570396e+08
3.5991583531e+03 2.630268e+08
3.6474818846e+03 2.691535e+08
3.6964619618e+03 2.754229e+08
3.7461075749e+03 2.818383e+08
3.7964278378e+03 2.884032e+08
3.8474319901e+03 2.951209e+08
3.8991293983e+03 3.019952e+08
3.9515295580e+03 3.090295e+08
4.0046420955e+03 3.162278e+08
4.0584767698e+03 3.235937e+08
4.1130434740e+03 3.311311e+08
4.1683522376e+03 3.388442e+08
4.2244132282e+03 3.467369e+08
4.2812367533e+03 3.548134e+08
4.3388332626e+03 3.630781e+08
4.3972133494e+03 3.715352e+08
4.4563877532e+03 3.801894e+08
4.5163673611e+03 3.890451e+08
4.5771632105e+03 3.981072e+08
4.6387864906e+03 4.073803e+08
4.7012485447e+03 4.168694e+08
4.7645608727e+03 4.265795e+08
4.8287351325e+03 4.365158e+08
4.8937831429e+03 4.466836e+08
4.9597168854e+03 4.570882e+08
5.0265485067e+03 4.677351e+08
5.0942903208e+03 4.786301e+08
5.1629548113e+03 4.897788e+08
5.2325546339e+03 5.011872e+08
5.3031026188e+03 5.128614e+08
5.3746117728e+03 5.248075e+08
5.4470952823e+03 5.370318e+08
5.5205665150e+03 5.495409e+08
5.5950390231e+03 5.623413e+08
5.6705265457e+03 5.754399e+08
5.7470430110e+03 5.888437e+08
5.8246025394e+03 6.025596e+08
5.9032194459e+03 6.165950e+08
5.9829082429e+03 6.309573e+08
6.0636836428e+03 6.456542e+08
6.1455605607e+03 6.606934e+08
6.2285541177e+03 6.760830e+08
6.3126796431e+03 6.918310e+08
6.3979526776e+03 7.079458e+08
6.4843889764e+03 7.244360e+08
6.5720045117e+03 7.413102e+08
6.6608154760e+03 7.585776e+08
6.7508382854e+03 7.762471e+08
6.8420895821e+03 7.943282e+08
6.9345862378e+03 8.128305e+08
7.0283453571e+03 8.317638e+08
7.1233842804e+03 8.511380e+08
7.2197205874e+03 8.709636e+08
7.3173721001e+03 8.912509e+08
7.4163568866e+03 9.120108e+08
7.5166932640e+03 9.332543e+08
7.6183998023e+03 9.549926e+08
7.7214953275e+03 9.772372e+08
7.8259989255e+03 1.000000e+09
7.9319299455e+03 1.023293e+09
8.0393080036e+03 1.047129e+09
8.1481529867e+03 1.071519e+09
8.2584850559e+03 1.096478e+09
8.3703246507e+03 1.122018e+09
8.4836924926e+03 1.148154e+09
8.5986095891e+03 1.174898e+09
8.7150972375e+03 1.202264e+09
8.8331770292e+03 1.230269e+09
8.9528708534e+03 1.258925e+09
9.0742009016e+03 1.288250e+09
9.1971896714e+03 1.318257e+09
9.3218599713e+03 1.348963e+09
9.4482349242e+03 1.380384e+09
9.5763379725e+03 1.412538e+09
9.7061928821e+03 1.445440e+09
9.8378237471e+03 1.479108e+09
9.9712549940e+03 1.513561e+09
1.0106511387e+04 1.548817e+09
1.0243618031e+04 1.584893e+09
1.0382600379e+04 1.621810e+09
1.0523484236e+04 1.659587e+09
1.0666295760e+04 1.698244e+09
1.0811061474e+04 1.737801e+09
1.0957808265e+04 1.778279e+09
1.1106563391e+04 1.819701e+09
1.1257354490e+04 1.862087e+09
1.1410209576e+04 1.905461e+09
1.1565157055e+04 1.949845e+09
1.1722225723e+04 1.995262e+09
1.1881444773e+04 2.041738e+09
1.2042843802e+04 2.089296e+09
1.2206452818e+04 2.137962e+09
1.2372302240e+04 2.187762e+09
1.2540422908e+04 2.238721e+09
1.2710846091e+04 2.290868e+09
1.2883603486e+04 2.344229e+09
1.3058727229e+04 2.398833e+09
1.3236249903e+04 2.454709e+09
1.3416204536e+04 2.511886e+09
1.3598624617e+04 2.570396e+09
1.3783544094e+04 2.630268e+09
1.3970997387e+04 2.691535e+09
1.4161019391e+04 2.754229e+09
1.4353645480e+04 2.818383e+09
1.4548911522e+04 2.884032e+09
1.4746853877e+04 2.951209e+09
1.4947509408e+04 3.019952e+09
1.5150915488e+04 3.090295e+09
1.5357110006e+04 3.162278e+09
1.5566131377e+04 3.235937e+09
1.5778018543e+04 3.311311e+09
1.5992810986e+04 3.388442e+09
1.6210548736e+04 3.467369e+09
1.6431272372e+04 3.548134e+09
1.6655023036e+04 3.630781e+09
1.6881842441e+04 3.715352e+09
1.7111772872e+04 3.801894e+09
1.7344857202e+04 3.890451e+09
1.7581138895e+04 3.981072e+09
1.7820662017e+04 4.073803e+09
1.8063471242e+04 4.168694e+09
1.8309611863e+04 4.265795e+09
1.8559129798e+04 4.365158e+09
1.8812071600e+04 4.466836e+09
1.9068484466e+04 4.570882e+09
1.9328416247e+04 4.677351e+09
1.9591915452e+04 4.786301e+09
1.9859031265e+04 4.897788e+09
2.0129813546e+04 5.011872e+09
2.0404312848e+04 5.128614e+09
2.0682580421e+04 5.248075e+09
2.0964668225e+04 5.370318e+09
2.1250628936e+04 5.495409e+09
2.1540515963e+04 5.623413e+09
2.1834383450e+04 5.754399e+09
2.2132286290e+04 5.888437e+09
2.2434280137e+04 6.025596e+09
2.2740421414e+04 6.165950e+09
2.3050767323e+04 6.309573e+09
2.3365375860e+04 6.456542e+09
2.3684305822e+04 6.606934e+09
2.4007616817e+04 6.760830e+09
2.4335369281e+04 6.918310e+09
2.4667624485e+04 7.079458e+09
2.5004444546e+04 7.244360e+09
2.5345892443e+04 7.413102e+09
2.5692032023e+04 7.585776e+09
2.6042928020e+04 7.762471e+09
2.6398646061e+04 7.943282e+09
2.6759252681e+04 8.128305e+09
2.7124815337e+04 8.317638e+09
2.7495402419e+04 8.511380e+09
2.7871083262e+04 8.709636e+09
2.8251928162e+04 8.912509e+09
2.8638008387e+04 9.120108e+09
2.9029396190e+04 9.332543e+09
2.9426164826e+04 9.549926e+09
2.9828388563e+04 9.772372e+09
3.0236142696e+04 1.000000e+10
3.0649503563e+04 1.023293e+10
3.1068548556e+04 1.047129e+10
3.1493356142e+04 1.071519e+10
3.1924005871e+04 1.096478e+10
3.2360578395e+04 1.122018e+10
3.2803155483e+04 1.148154e+10
3.3251820034e+04 1.174898e+10
3.3706656095e+04 1.202264e+10
3.4167748877e+04 1.230269e+10
3.4635184771e+04 1.258925e+10
3.5109051362e+04 1.288250e+10
3.5589437449e+04 1.318257e+10
3.6076433059e+04 1.348963e+10
3.6570129466e+04 1.380384e+10
3.7070619208e+04 1.412538e+10
3.7577996102e+04 1.445440e+10
3.8092355266e+04 1.479108e+10
3.8613793134e+04 1.513561e+10
3.9142407475e+04 1.548817e+10
3.9678297412e+04 1.584893e+10
4.0221563440e+04 1.621810e+10
4.0772307445e+04 1.659587e+10
4.1330632725e+04 1.698244e+10
4.1896644006e+04 1.737801e+10
4.2470447468e+04 1.778279e+10
4.3052150756e+04 1.819701e+10
4.3641863010e+04 1.862087e+10
4.4239694879e+04 1.905461e+10
4.4845758545e+04 1.949845e+10
4.5460167743e+04 1.995262e+10
4.6083037783e+04 2.041738e+10
4.6714485573e+04 2.089296e+10
4.7354629639e+04 2.137962e+10
4.8003590148e+04 2.187762e+10
4.8661488933e+04 2.238721e+10
4.9328449511e+04 2.290868e+10
5.0004597114e+04 2.344229e+10
5.0690058706e+04 2.398833e+10
5.1384963009e+04 2.454709e+10
5.2089440529e+04 2.511886e+10
5.2803623579e+04 2.570396e+10
5.3527646306e+04 2.630268e+10
5.4261644713e+04 2.691535e+10
5.5005756689e+04 2.754229e+10
5.5760122031e+04 2.818383e+10
5.6524882475e+04 2.884032e+10
5.7300181718e+04 2.951209e+10
5.8086165449e+04 3.019952e+10
5.8882981375e+04 3.090295e+10
5.9690779248e+04 3.162278e+10
6.0509710897e+04 3.235937e+10
6.1339930252e+04 3.311311e+10
6.2181593378e+04 3.388442e+10
6.3034858499e+04 3.467369e+10
6.3899886035e+04 3.548134e+10
6.4776838625e+04 3.630781e+10
6.5665881164e+04 3.715352e+10
6.6567180830e+04 3.801894e+10
6.7480907118e+04 3.890451e+10
6.8407231872e+04 3.981072e+10
6.9346329316e+04 4.073803e+10
7.0298376090e+04 4.168694e+10
7.1263551279e+04 4.265795e+10
7.2242036452e+04 4.365158e+10
7.3234015693e+04 4.466836e+10
7.4239675636e+04 4.570882e+10
7.5259205503e+04 4.677351e+10
7.6292797138e+04 4.786301e+10
7.7340645042e+04 4.897788e+10
7.8402946413e+04 5.011872e+10
7.9479901181e+04 5.128614e+10
8.0571712048e+04 5.248075e+10
8.1678584525e+04 5.370318e+10
8.2800726969e+04 5.495409e+10
8.3938350629e+04 5.623413e+10
8.5091669677e+04 5.754399e+10
8.6260901257e+04 5.888437e+10
8.7446265522e+04 6.025596e+10
8.8647985675e+04 6.165950e+10
8.9866288015e+04 6.309573e+10
9.1101401975e+04 6.456542e+10
9.2353560170e+04 6.606934e+10
9.3622998440e+04 6.760830e+10
9.4909955893e+04 6.918310e+10
9.6214674951e+04 7.079458e+10
9.7537401397e+04 7.244360e+10
9.8878384423e+04 7.413102e+10
1.0023787667e+05 7.585776e+10
1.0161613429e+05 7.762471e+10
1.0301341698e+05 7.943282e+10
1.0442998804e+05 8.128305e+10
1.0586611441e+05 8.317638e+10
1.0732206675e+05 8.511380e+10
1.0879811945e+05 8.709636e+10
1.1029455073e+05 8.912509e+10
1.1181164265e+05 9.120108e+10
1.1334968117e+05 9.332543e+10
1.1490895625e+05 9.549926e+10
1.1648976183e+05 9.772372e+10
1.1809239595e+05 1.000000e+11
1.1971716079e+05 1.023293e+11
1.2136436269e+05 1.047129e+11
1.2303431226e+05 1.071519e+11
1.2472732442e+05 1.096478e+11
1.2644371844e+05 1.122018e+11
1.2818381802e+05 1.148154e+11
1.2994795136e+05 1.174898e+11
1.3173645121e+05 1.202264e+11
1.3354965493e+05 1.230269e+11
1.3538790455e+05 1.258925e+11
1.3725154685e+05 1.288250e+11
1.3914093342e+05 1.318257e+11
1.4105642073e+05 1.348963e+11
1.4299837019e+05 1.380384e+11
1.4496714822e+05 1.412538e+11
1.4696312632e+05 1.445440e+11
1.4898668114e+05 1.479108e+11
1.5103819458e+05 1.513561e+11
1.5311805379e+05 1.548817e+11
1.5522665133e+05 1.584893e+11
1.5736438518e+05 1.621810e+11
1.5953165886e+05 1.659587e+11
1.6172888147e+05 1.698244e+11
1.6395646779e+05 1.737801e+11
1.6621483836e+05 1.778279e+11
1.6850441953e+05 1.819701e+11
1.7082564360e+05 1.862087e+11
1.7317894883e+05 1.905461e+11
1.7556477959e+05 1.949845e+11
1.7798358638e+05 1.995262e+11
1.8043582599e+05 2.041738e+11
1.8292196151e+05 2.089296e+11
1.8544246247e+05 2.137962e+11
1.8799780492e+05 2.187762e+11
1.9058847150e+05 2.238721e+11
1.9321495155e+05 2.290868e+11
1.9587774120e+05 2.344229e+11
1.9857734346e+05 2.398833e+11
2.0131426832e+05 2.454709e+11
2.0408903286e+05 2.511886e+11
2.0690216129e+05 2.570396e+11
2.0975418515e+05 2.630268e+11
2.1264564330e+05 2.691535e+11
2.1557708212e+05 2.754229e+11
2.1854905554e+05 2.818383e+11
2.2156212519e+05 2.884032e+11
2.2461686049e+05 2.951209e+11
2.2771383876e+05 3.019952e+11
2.3085364533e+05 3.090295e+11
2.3403687365e+05 3.162278e+11
2.3726412540e+05 3.235937e+11
2.4053601061e+05 3.311311e+11
2.4385314779e+05 3.388442e+11
2.4721616400e+05 3.467369e+11
2.5062569504e+05 3.548134e+11
2.5408238550e+05 3.630781e+11
2.5758688893e+05 3.715352e+11
2.6113986794e+05 3.801894e+11
2.6474199434e+05 3.890451e+11
2.6839394927e+05 3.981072e+11
2.7209642331e+05 4.073803e+11
2.7585011661e+05 4.168694e+11
2.7965573907e+05 4.265795e+11
2.8351401042e+05 4.365158e+11
2.8742566037e+05 4.466836e+11
2.9139142879e+05 4.570882e+11
2.9541206577e+05 4.677351e+11
2.9948833184e+05 4.786301e+11
3.0362099809e+05 4.897788e+11
3.0781084628e+05 5.011872e+11
3.1205866906e+05 5.128614e+11
3.1636527005e+05 5.248075e+11
3.2073146403e+05 5.370318e+11
3.2515807709e+05 5.495409e+11
3.2964594679e+05 5.623413e+11
3.3419592230e+05 5.754399e+11
3.3880886460e+05 5.888437e+11
3.4348564658e+05 6.025596e+11
3.4822715330e+05 6.165950e+11
3.5303428205e+05 6.309573e+11
3.5790794261e+05 6.456542e+11
3.6284905737e+05 6.606934e+11
3.6785856153e+05 6.760830e+11
3.7293740326e+05 6.918310e+11
3.7808654391e+05 7.079458e+11
3.8330695815e+05 7.244360e+11
3.8859963420e+05 7.413102e+11
3.9396557399e+05 7.585776e+11
3.9940579335e+05 7.762471e+11
4.0492132222e+05 7.943282e+11
4.1051320483e+05 8.128305e+11
4.1618249991e+05 8.317638e+11
4.2193028087e+05 8.511380e+11
4.2775763606e+05 8.709636e+11
4.3366566890e+05 8.912509e+11
4.3965549813e+05 9.120108e+11
4.4572825804e+05 9.332543e+11
4.5188509866e+05 9.549926e+11
4.5812718597e+05 9.772372e+11
4.6445570215e+05 1.000000e+12
